0.00000000000000E+000	0.00000000000000E+000
-6.00230480000000E-005	-1.06481430000000E+000
-1.75772860000000E-004	-2.13115150000000E+000
-3.03675010000000E-004	-3.19745710000000E+000
-4.31737760000000E-004	-4.26404400000000E+000
-5.46299440000000E-004	-5.33539220000000E+000
-6.47315550000000E-004	-6.40232570000000E+000
-7.39863050000000E-004	-7.46909150000000E+000
-8.25461300000000E-004	-8.53548760000000E+000
-9.05508900000000E-004	-9.60281440000000E+000
-9.80775530000000E-004	-1.06692440000000E+001
-1.05203710000000E-003	-1.17356150000000E+001
-1.11984430000000E-003	-1.28020690000000E+001
-1.18468680000000E-003	-1.38695230000000E+001
-1.24679230000000E-003	-1.49360850000000E+001
-1.30650430000000E-003	-1.60025020000000E+001
-1.36407420000000E-003	-1.70689900000000E+001
-1.41970310000000E-003	-1.81355120000000E+001
-1.47361760000000E-003	-1.92030880000000E+001
-1.52586220000000E-003	-2.02697680000000E+001
-1.57660670000000E-003	-2.13362010000000E+001
-1.62597870000000E-003	-2.24026970000000E+001
-1.67407670000000E-003	-2.34692360000000E+001
-1.72098800000000E-003	-2.45357880000000E+001
-1.76679130000000E-003	-2.56023470000000E+001
-1.81155720000000E-003	-2.66689150000000E+001
-1.85539550000000E-003	-2.77365830000000E+001
-1.89827900000000E-003	-2.88034160000000E+001
-1.94027680000000E-003	-2.98698970000000E+001
-1.98146530000000E-003	-3.09363430000000E+001
-2.02188450000000E-003	-3.20029160000000E+001
-2.06156960000000E-003	-3.30695020000000E+001
-2.10055620000000E-003	-3.41360790000000E+001
-2.13887820000000E-003	-3.52026580000000E+001
-2.17656690000000E-003	-3.62692430000000E+001
-2.21365080000000E-003	-3.73358330000000E+001
-2.25019960000000E-003	-3.84036580000000E+001
-2.28611820000000E-003	-3.94693540000000E+001
-2.32156480000000E-003	-4.05366610000000E+001
-2.35649100000000E-003	-4.16037210000000E+001
-2.39091300000000E-003	-4.26703230000000E+001
-2.42486160000000E-003	-4.37368150000000E+001
-2.45835940000000E-003	-4.48033590000000E+001
-2.49142270000000E-003	-4.58699490000000E+001
-2.52406580000000E-003	-4.69365470000000E+001
-2.55630320000000E-003	-4.80031430000000E+001
-2.58814880000000E-003	-4.90697380000000E+001
-2.61961590000000E-003	-5.01363370000000E+001
-2.65071680000000E-003	-5.12029400000000E+001
-2.68146330000000E-003	-5.22695450000000E+001
-2.71186660000000E-003	-5.33361530000000E+001
-2.74193720000000E-003	-5.44027630000000E+001
-2.77172450000000E-003	-5.54707470000000E+001
-2.80113430000000E-003	-5.65365360000000E+001
-2.83028470000000E-003	-5.76038160000000E+001
-2.85909620000000E-003	-5.86696020000000E+001
-2.88766600000000E-003	-5.97369610000000E+001
-2.91595350000000E-003	-6.08042790000000E+001
-2.94391480000000E-003	-6.18695760000000E+001
-2.97166160000000E-003	-6.29366470000000E+001
-2.99915510000000E-003	-6.40039500000000E+001
-3.02638570000000E-003	-6.50708040000000E+001
-3.05336400000000E-003	-6.61373420000000E+001
-3.08010290000000E-003	-6.72038340000000E+001
-3.10661110000000E-003	-6.82703960000000E+001
-3.13289370000000E-003	-6.93370110000000E+001
-3.15895510000000E-003	-7.04036380000000E+001
-3.18479990000000E-003	-7.14702570000000E+001
-3.21043310000000E-003	-7.25368690000000E+001
-3.23585980000000E-003	-7.36034810000000E+001
-3.26108460000000E-003	-7.46700960000000E+001
-3.28611200000000E-003	-7.57367140000000E+001
-3.31094620000000E-003	-7.68033330000000E+001
-3.33559140000000E-003	-7.78699530000000E+001
-3.36005160000000E-003	-7.89365750000000E+001
-3.38436850000000E-003	-8.00048170000000E+001
-3.40845350000000E-003	-8.10707910000000E+001
-3.43239810000000E-003	-8.21381240000000E+001
-3.45613260000000E-003	-8.32037890000000E+001
-3.47973920000000E-003	-8.42710950000000E+001
-3.50314780000000E-003	-8.53369550000000E+001
-3.52643200000000E-003	-8.64043640000000E+001
-3.54952320000000E-003	-8.74702460000000E+001
-3.57249420000000E-003	-8.85376110000000E+001
-3.59527940000000E-003	-8.96034900000000E+001
-3.61794920000000E-003	-9.06708310000000E+001
-3.64047760000000E-003	-9.17384590000000E+001
-3.66281130000000E-003	-9.28037300000000E+001
-3.68503930000000E-003	-9.38705520000000E+001
-3.70714090000000E-003	-9.49380060000000E+001
-3.72910150000000E-003	-9.60052480000000E+001
-3.75088070000000E-003	-9.70702280000000E+001
-3.77260320000000E-003	-9.81386910000000E+001
-3.79412690000000E-003	-9.92039520000000E+001
-3.81555160000000E-003	-1.00270440000000E+002
-3.83686440000000E-003	-1.01337620000000E+002
-3.85805330000000E-003	-1.02404780000000E+002
-3.87911450000000E-003	-1.03471620000000E+002
-3.90005140000000E-003	-1.04538180000000E+002
-3.92086950000000E-003	-1.05604660000000E+002
-3.94157310000000E-003	-1.06671180000000E+002
-3.96216450000000E-003	-1.07737780000000E+002
-3.98264510000000E-003	-1.08804420000000E+002
-4.00301560000000E-003	-1.09871080000000E+002
-4.02327730000000E-003	-1.10937720000000E+002
-4.04343190000000E-003	-1.12004340000000E+002
-4.06348100000000E-003	-1.13070960000000E+002
-4.08342630000000E-003	-1.14137580000000E+002
-4.10326950000000E-003	-1.15204210000000E+002
-4.12301180000000E-003	-1.16270830000000E+002
-4.14265490000000E-003	-1.17337460000000E+002
-4.16219990000000E-003	-1.18404090000000E+002
-4.18164830000000E-003	-1.19470720000000E+002
-4.20100140000000E-003	-1.20537350000000E+002
-4.22029800000000E-003	-1.21606000000000E+002
-4.23945930000000E-003	-1.22672430000000E+002
-4.25851340000000E-003	-1.23737920000000E+002
-4.27751630000000E-003	-1.24805520000000E+002
-4.29640280000000E-003	-1.25871690000000E+002
-4.31523250000000E-003	-1.26939520000000E+002
-4.33393870000000E-003	-1.28005390000000E+002
-4.35258890000000E-003	-1.29072820000000E+002
-4.37112190000000E-003	-1.30138490000000E+002
-4.38960230000000E-003	-1.31205830000000E+002
-4.40797150000000E-003	-1.32271610000000E+002
-4.42628960000000E-003	-1.33339040000000E+002
-4.44449850000000E-003	-1.34404900000000E+002
-4.46265700000000E-003	-1.35472350000000E+002
-4.48070810000000E-003	-1.36538190000000E+002
-4.49870980000000E-003	-1.37605600000000E+002
-4.51660690000000E-003	-1.38671440000000E+002
-4.53445600000000E-003	-1.39738830000000E+002
-4.55220310000000E-003	-1.40804690000000E+002
-4.56990340000000E-003	-1.41872080000000E+002
-4.58750410000000E-003	-1.42937950000000E+002
-4.60505910000000E-003	-1.44005330000000E+002
-4.62251650000000E-003	-1.45071220000000E+002
-4.63992930000000E-003	-1.46138590000000E+002
-4.65728480000000E-003	-1.47206760000000E+002
-4.67452440000000E-003	-1.48272150000000E+002
-4.69171830000000E-003	-1.49338780000000E+002
-4.70885910000000E-003	-1.50406340000000E+002
-4.72589570000000E-003	-1.51471650000000E+002
-4.74289070000000E-003	-1.52538360000000E+002
-4.75983560000000E-003	-1.53606050000000E+002
-4.77667980000000E-003	-1.54671550000000E+002
-4.79348270000000E-003	-1.55738360000000E+002
-4.81023600000000E-003	-1.56806060000000E+002
-4.82689020000000E-003	-1.57871520000000E+002
-4.84350440000000E-003	-1.58938260000000E+002
-4.86007090000000E-003	-1.60005900000000E+002
-4.87658010000000E-003	-1.61073780000000E+002
-4.89298190000000E-003	-1.62138670000000E+002
-4.90934540000000E-003	-1.63204790000000E+002
-4.92566640000000E-003	-1.64271990000000E+002
-4.94193680000000E-003	-1.65339710000000E+002
-4.95810990000000E-003	-1.66404900000000E+002
-4.97424640000000E-003	-1.67471310000000E+002
-4.99034070000000E-003	-1.68538700000000E+002
-5.00638450000000E-003	-1.69606450000000E+002
-5.02237050000000E-003	-1.70674070000000E+002
-5.03825410000000E-003	-1.71738590000000E+002
-5.05410400000000E-003	-1.72804340000000E+002
-5.06991810000000E-003	-1.73871310000000E+002
-5.08568870000000E-003	-1.74938970000000E+002
-5.10140780000000E-003	-1.76006730000000E+002
-5.11706950000000E-003	-1.77074160000000E+002
-5.13263280000000E-003	-1.78138480000000E+002
-5.14816530000000E-003	-1.79204060000000E+002
-5.16366550000000E-003	-1.80270930000000E+002
-5.17912630000000E-003	-1.81338560000000E+002
-5.19453920000000E-003	-1.82406360000000E+002
-5.20989820000000E-003	-1.83473860000000E+002
-5.22520080000000E-003	-1.84540870000000E+002
-5.24044830000000E-003	-1.85607410000000E+002
-5.25564370000000E-003	-1.86673670000000E+002
-5.27079080000000E-003	-1.87739870000000E+002
-5.28589210000000E-003	-1.88806190000000E+002
-5.30094920000000E-003	-1.89872680000000E+002
-5.31596230000000E-003	-1.90939340000000E+002
-5.33093060000000E-003	-1.92006110000000E+002
-5.34585360000000E-003	-1.93072900000000E+002
-5.36073060000000E-003	-1.94139640000000E+002
-5.37556190000000E-003	-1.95206320000000E+002
-5.39034780000000E-003	-1.96272950000000E+002
-5.40508910000000E-003	-1.97339530000000E+002
-5.41978650000000E-003	-1.98406110000000E+002
-5.43444080000000E-003	-1.99472700000000E+002
-5.44905230000000E-003	-2.00539320000000E+002
-5.46362140000000E-003	-2.01605950000000E+002
-5.47814840000000E-003	-2.02672610000000E+002
-5.49263340000000E-003	-2.03739260000000E+002
-5.50707670000000E-003	-2.04805910000000E+002
-5.52147860000000E-003	-2.05872560000000E+002
-5.53583930000000E-003	-2.06939190000000E+002
-5.55015940000000E-003	-2.08005820000000E+002
-5.56443910000000E-003	-2.09072450000000E+002
-5.57867880000000E-003	-2.10139080000000E+002
-5.59287880000000E-003	-2.11205720000000E+002
-5.60703950000000E-003	-2.12272350000000E+002
-5.62116110000000E-003	-2.13339000000000E+002
-5.63524400000000E-003	-2.14405640000000E+002
-5.64928830000000E-003	-2.15472280000000E+002
-5.66329450000000E-003	-2.16538920000000E+002
-5.67726270000000E-003	-2.17605560000000E+002
-5.69119330000000E-003	-2.18672190000000E+002
-5.70508660000000E-003	-2.19738830000000E+002
-5.71894290000000E-003	-2.20805470000000E+002
-5.73276230000000E-003	-2.21872110000000E+002
-5.74654530000000E-003	-2.22938750000000E+002
-5.76029210000000E-003	-2.24005390000000E+002
-5.77400290000000E-003	-2.25072030000000E+002
-5.78767800000000E-003	-2.26138680000000E+002
-5.80131770000000E-003	-2.27205320000000E+002
-5.81492220000000E-003	-2.28271960000000E+002
-5.82849170000000E-003	-2.29338600000000E+002
-5.84202660000000E-003	-2.30405240000000E+002
-5.85552710000000E-003	-2.31471890000000E+002
-5.86899340000000E-003	-2.32538530000000E+002
-5.88242580000000E-003	-2.33605170000000E+002
-5.89582450000000E-003	-2.34671810000000E+002
-5.90918970000000E-003	-2.35738460000000E+002
-5.92252170000000E-003	-2.36805100000000E+002
-5.93582070000000E-003	-2.37871740000000E+002
-5.94908690000000E-003	-2.38938390000000E+002
-5.96232060000000E-003	-2.40005030000000E+002
-5.97552200000000E-003	-2.41071680000000E+002
-5.98869130000000E-003	-2.42138320000000E+002
-6.00182870000000E-003	-2.43204970000000E+002
-6.01493450000000E-003	-2.44271610000000E+002
-6.02800880000000E-003	-2.45338260000000E+002
-6.04105190000000E-003	-2.46404900000000E+002
-6.05406400000000E-003	-2.47471550000000E+002
-6.06704530000000E-003	-2.48538190000000E+002
-6.07999600000000E-003	-2.49604840000000E+002
-6.09291620000000E-003	-2.50671480000000E+002
-6.10580620000000E-003	-2.51738130000000E+002
-6.11866630000000E-003	-2.52804780000000E+002
-6.13149650000000E-003	-2.53871420000000E+002
-6.14429710000000E-003	-2.54938070000000E+002
-6.15706830000000E-003	-2.56004720000000E+002
-6.16981030000000E-003	-2.57071360000000E+002
-6.18252320000000E-003	-2.58138010000000E+002
-6.19520720000000E-003	-2.59204660000000E+002
-6.20786250000000E-003	-2.60271300000000E+002
-6.22048940000000E-003	-2.61337950000000E+002
-6.23308800000000E-003	-2.62404600000000E+002
-6.24565840000000E-003	-2.63471250000000E+002
-6.25820080000000E-003	-2.64537900000000E+002
-6.27071550000000E-003	-2.65604540000000E+002
-6.28320250000000E-003	-2.66671190000000E+002
-6.29566210000000E-003	-2.67737840000000E+002
-6.30809440000000E-003	-2.68804490000000E+002
-6.32049960000000E-003	-2.69871140000000E+002
-6.33287790000000E-003	-2.70937790000000E+002
-6.34522940000000E-003	-2.72004440000000E+002
-6.35755430000000E-003	-2.73071090000000E+002
-6.36985270000000E-003	-2.74137740000000E+002
-6.38212490000000E-003	-2.75204390000000E+002
-6.39437090000000E-003	-2.76271040000000E+002
-6.40659090000000E-003	-2.77337680000000E+002
-6.41878510000000E-003	-2.78404330000000E+002
-6.43095360000000E-003	-2.79470980000000E+002
-6.44309660000000E-003	-2.80537630000000E+002
-6.45521430000000E-003	-2.81604290000000E+002
-6.46730670000000E-003	-2.82670940000000E+002
-6.47937400000000E-003	-2.83737590000000E+002
-6.49141640000000E-003	-2.84804240000000E+002
-6.50343410000000E-003	-2.85870890000000E+002
-6.51542710000000E-003	-2.86937540000000E+002
-6.52739560000000E-003	-2.88004190000000E+002
-6.53933970000000E-003	-2.89070840000000E+002
-6.55125960000000E-003	-2.90137490000000E+002
-6.56315550000000E-003	-2.91204140000000E+002
-6.57502740000000E-003	-2.92270790000000E+002
-6.58687540000000E-003	-2.93337450000000E+002
-6.59869980000000E-003	-2.94404100000000E+002
-6.61050070000000E-003	-2.95470750000000E+002
-6.62227820000000E-003	-2.96537400000000E+002
-6.63403240000000E-003	-2.97604050000000E+002
-6.64576340000000E-003	-2.98670710000000E+002
-6.65747140000000E-003	-2.99737360000000E+002
-6.66915650000000E-003	-3.00804010000000E+002
-6.68081880000000E-003	-3.01870660000000E+002
-6.69245850000000E-003	-3.02937320000000E+002
-6.70407570000000E-003	-3.04003970000000E+002
-6.71567050000000E-003	-3.05070620000000E+002
-6.72724300000000E-003	-3.06137270000000E+002
-6.73879330000000E-003	-3.07203930000000E+002
-6.75032160000000E-003	-3.08270580000000E+002
-6.76182800000000E-003	-3.09337230000000E+002
-6.77331260000000E-003	-3.10403890000000E+002
-6.78477550000000E-003	-3.11470540000000E+002
-6.79621680000000E-003	-3.12537190000000E+002
-6.80763660000000E-003	-3.13603850000000E+002
-6.81903510000000E-003	-3.14670500000000E+002
-6.83041240000000E-003	-3.15737150000000E+002
-6.84176860000000E-003	-3.16803810000000E+002
-6.85310370000000E-003	-3.17870460000000E+002
-6.86441790000000E-003	-3.18937110000000E+002
-6.87571140000000E-003	-3.20003770000000E+002
-6.88698410000000E-003	-3.21070420000000E+002
-6.89823630000000E-003	-3.22137080000000E+002
-6.90946800000000E-003	-3.23203730000000E+002
-6.92067940000000E-003	-3.24270390000000E+002
-6.93187040000000E-003	-3.25337040000000E+002
-6.94304130000000E-003	-3.26403690000000E+002
-6.95419210000000E-003	-3.27470350000000E+002
-6.96532300000000E-003	-3.28537000000000E+002
-6.97643400000000E-003	-3.29603660000000E+002
-6.98752530000000E-003	-3.30670310000000E+002
-6.99859690000000E-003	-3.31736970000000E+002
-7.00964890000000E-003	-3.32803620000000E+002
-7.02068150000000E-003	-3.33870280000000E+002
-7.03169470000000E-003	-3.34936930000000E+002
-7.04268860000000E-003	-3.36003590000000E+002
-7.05366330000000E-003	-3.37070240000000E+002
-7.06461890000000E-003	-3.38136900000000E+002
-7.07555560000000E-003	-3.39203550000000E+002
-7.08647330000000E-003	-3.40270210000000E+002
-7.09737230000000E-003	-3.41336870000000E+002
-7.10825250000000E-003	-3.42403520000000E+002
-7.11911410000000E-003	-3.43470180000000E+002
-7.12995720000000E-003	-3.44536830000000E+002
-7.14078180000000E-003	-3.45603490000000E+002
-7.15158800000000E-003	-3.46670140000000E+002
-7.16237600000000E-003	-3.47736800000000E+002
-7.17314580000000E-003	-3.48803460000000E+002
-7.18389750000000E-003	-3.49870110000000E+002
-7.19463110000000E-003	-3.50936770000000E+002
-7.20534690000000E-003	-3.52003420000000E+002
-7.21604480000000E-003	-3.53070080000000E+002
-7.22672490000000E-003	-3.54136740000000E+002
-7.23738740000000E-003	-3.55203390000000E+002
-7.24803220000000E-003	-3.56270050000000E+002
-7.25865960000000E-003	-3.57336710000000E+002
-7.26926950000000E-003	-3.58403360000000E+002
-7.27986200000000E-003	-3.59470020000000E+002
-7.29043730000000E-003	-3.60536680000000E+002
-7.30099540000000E-003	-3.61603330000000E+002
-7.31153630000000E-003	-3.62669990000000E+002
-7.32206020000000E-003	-3.63736650000000E+002
-7.33256720000000E-003	-3.64803300000000E+002
-7.34305730000000E-003	-3.65869960000000E+002
-7.35353050000000E-003	-3.66936620000000E+002
-7.36398710000000E-003	-3.68003280000000E+002
-7.37442690000000E-003	-3.69069930000000E+002
-7.38485020000000E-003	-3.70136590000000E+002
-7.39525700000000E-003	-3.71203250000000E+002
-7.40564740000000E-003	-3.72269900000000E+002
-7.41602130000000E-003	-3.73336560000000E+002
-7.42637900000000E-003	-3.74403220000000E+002
-7.43672050000000E-003	-3.75469880000000E+002
-7.44704580000000E-003	-3.76536530000000E+002
-7.45735510000000E-003	-3.77603190000000E+002
-7.46764830000000E-003	-3.78669850000000E+002
-7.47792560000000E-003	-3.79736510000000E+002
-7.48818710000000E-003	-3.80803160000000E+002
-7.49843270000000E-003	-3.81869820000000E+002
-7.50866260000000E-003	-3.82936480000000E+002
-7.51887690000000E-003	-3.84003140000000E+002
-7.52907550000000E-003	-3.85069800000000E+002
-7.53925870000000E-003	-3.86136450000000E+002
-7.54942630000000E-003	-3.87203110000000E+002
-7.55957860000000E-003	-3.88269770000000E+002
-7.56971550000000E-003	-3.89336430000000E+002
-7.57983720000000E-003	-3.90403090000000E+002
-7.58994370000000E-003	-3.91469750000000E+002
-7.60003500000000E-003	-3.92536400000000E+002
-7.61011130000000E-003	-3.93603060000000E+002
-7.62017260000000E-003	-3.94669720000000E+002
-7.63021890000000E-003	-3.95736380000000E+002
-7.64025030000000E-003	-3.96803040000000E+002
-7.65026690000000E-003	-3.97869700000000E+002
-7.66026880000000E-003	-3.98936350000000E+002
-7.67025590000000E-003	-4.00003010000000E+002
-7.66721900000000E-003	-3.99064170000000E+002
-7.66418970000000E-003	-3.98128340000000E+002
-7.66115820000000E-003	-3.97192510000000E+002
-7.65812460000000E-003	-3.96256680000000E+002
-7.65508890000000E-003	-3.95320860000000E+002
-7.65205100000000E-003	-3.94385030000000E+002
-7.64901090000000E-003	-3.93449200000000E+002
-7.64596860000000E-003	-3.92513370000000E+002
-7.64292420000000E-003	-3.91577540000000E+002
-7.63987760000000E-003	-3.90641710000000E+002
-7.63682890000000E-003	-3.89705880000000E+002
-7.63377790000000E-003	-3.88770050000000E+002
-7.63072480000000E-003	-3.87834230000000E+002
-7.62766950000000E-003	-3.86898400000000E+002
-7.62461200000000E-003	-3.85962570000000E+002
-7.62155220000000E-003	-3.85026740000000E+002
-7.61849030000000E-003	-3.84090910000000E+002
-7.61542620000000E-003	-3.83155080000000E+002
-7.61235980000000E-003	-3.82219250000000E+002
-7.60929130000000E-003	-3.81283420000000E+002
-7.60622050000000E-003	-3.80347590000000E+002
-7.60314740000000E-003	-3.79411770000000E+002
-7.60007220000000E-003	-3.78475940000000E+002
-7.59699470000000E-003	-3.77540110000000E+002
-7.59391500000000E-003	-3.76604280000000E+002
-7.59083300000000E-003	-3.75668450000000E+002
-7.58774880000000E-003	-3.74732620000000E+002
-7.58466230000000E-003	-3.73796790000000E+002
-7.58157360000000E-003	-3.72860960000000E+002
-7.57848260000000E-003	-3.71925130000000E+002
-7.57538930000000E-003	-3.70989310000000E+002
-7.57229370000000E-003	-3.70053480000000E+002
-7.56919590000000E-003	-3.69117650000000E+002
-7.56609580000000E-003	-3.68181820000000E+002
-7.56299340000000E-003	-3.67245990000000E+002
-7.55988870000000E-003	-3.66310160000000E+002
-7.55678170000000E-003	-3.65374330000000E+002
-7.55367240000000E-003	-3.64438500000000E+002
-7.55056090000000E-003	-3.63502670000000E+002
-7.54744690000000E-003	-3.62566850000000E+002
-7.54433070000000E-003	-3.61631020000000E+002
-7.54121220000000E-003	-3.60695190000000E+002
-7.53809130000000E-003	-3.59759360000000E+002
-7.53496810000000E-003	-3.58823530000000E+002
-7.53184260000000E-003	-3.57887700000000E+002
-7.52871470000000E-003	-3.56951870000000E+002
-7.52558440000000E-003	-3.56016040000000E+002
-7.52245190000000E-003	-3.55080210000000E+002
-7.51931690000000E-003	-3.54144390000000E+002
-7.51617960000000E-003	-3.53208560000000E+002
-7.51304000000000E-003	-3.52272730000000E+002
-7.50989790000000E-003	-3.51336900000000E+002
-7.50675350000000E-003	-3.50401070000000E+002
-7.50360670000000E-003	-3.49465240000000E+002
-7.50045760000000E-003	-3.48529410000000E+002
-7.49730600000000E-003	-3.47593580000000E+002
-7.49415200000000E-003	-3.46657750000000E+002
-7.49099570000000E-003	-3.45721930000000E+002
-7.48783690000000E-003	-3.44786100000000E+002
-7.48467570000000E-003	-3.43850270000000E+002
-7.48151210000000E-003	-3.42914440000000E+002
-7.47834610000000E-003	-3.41978610000000E+002
-7.47517760000000E-003	-3.41042780000000E+002
-7.47200670000000E-003	-3.40106950000000E+002
-7.46883340000000E-003	-3.39171120000000E+002
-7.46565760000000E-003	-3.38235290000000E+002
-7.46247940000000E-003	-3.37299470000000E+002
-7.45929870000000E-003	-3.36363640000000E+002
-7.45611560000000E-003	-3.35427810000000E+002
-7.45293000000000E-003	-3.34491980000000E+002
-7.44974190000000E-003	-3.33556150000000E+002
-7.44655140000000E-003	-3.32620320000000E+002
-7.44335840000000E-003	-3.31684490000000E+002
-7.44016280000000E-003	-3.30748660000000E+002
-7.43696480000000E-003	-3.29812830000000E+002
-7.43376430000000E-003	-3.28877010000000E+002
-7.43056130000000E-003	-3.27941180000000E+002
-7.42735580000000E-003	-3.27005350000000E+002
-7.42414780000000E-003	-3.26069520000000E+002
-7.42093720000000E-003	-3.25133690000000E+002
-7.41772420000000E-003	-3.24197860000000E+002
-7.41450860000000E-003	-3.23262030000000E+002
-7.41129040000000E-003	-3.22326200000000E+002
-7.40806970000000E-003	-3.21390370000000E+002
-7.40484650000000E-003	-3.20454550000000E+002
-7.40162070000000E-003	-3.19518720000000E+002
-7.39839240000000E-003	-3.18582890000000E+002
-7.39516150000000E-003	-3.17647060000000E+002
-7.39192800000000E-003	-3.16711230000000E+002
-7.38869190000000E-003	-3.15775400000000E+002
-7.38545330000000E-003	-3.14839570000000E+002
-7.38221210000000E-003	-3.13903740000000E+002
-7.37896820000000E-003	-3.12967920000000E+002
-7.37572180000000E-003	-3.12032090000000E+002
-7.37247280000000E-003	-3.11096260000000E+002
-7.36922110000000E-003	-3.10160430000000E+002
-7.36596690000000E-003	-3.09224600000000E+002
-7.36271000000000E-003	-3.08288770000000E+002
-7.35945050000000E-003	-3.07352940000000E+002
-7.35618840000000E-003	-3.06417110000000E+002
-7.35292360000000E-003	-3.05481280000000E+002
-7.34965610000000E-003	-3.04545460000000E+002
-7.34638610000000E-003	-3.03609630000000E+002
-7.34311330000000E-003	-3.02673800000000E+002
-7.33983790000000E-003	-3.01737970000000E+002
-7.33655980000000E-003	-3.00802140000000E+002
-7.33327900000000E-003	-2.99866310000000E+002
-7.32999560000000E-003	-2.98930480000000E+002
-7.32670950000000E-003	-2.97994650000000E+002
-7.32342060000000E-003	-2.97058820000000E+002
-7.32012910000000E-003	-2.96123000000000E+002
-7.31683480000000E-003	-2.95187170000000E+002
-7.31353790000000E-003	-2.94251340000000E+002
-7.31023820000000E-003	-2.93315510000000E+002
-7.30693580000000E-003	-2.92379680000000E+002
-7.30363060000000E-003	-2.91443850000000E+002
-7.30032280000000E-003	-2.90508020000000E+002
-7.29701210000000E-003	-2.89572190000000E+002
-7.29369870000000E-003	-2.88636360000000E+002
-7.29038260000000E-003	-2.87700540000000E+002
-7.28706370000000E-003	-2.86764710000000E+002
-7.28374200000000E-003	-2.85828880000000E+002
-7.28041750000000E-003	-2.84893050000000E+002
-7.27709030000000E-003	-2.83957220000000E+002
-7.27376020000000E-003	-2.83021390000000E+002
-7.27042740000000E-003	-2.82085560000000E+002
-7.26709170000000E-003	-2.81149730000000E+002
-7.26375320000000E-003	-2.80213900000000E+002
-7.26041200000000E-003	-2.79278080000000E+002
-7.25706780000000E-003	-2.78342250000000E+002
-7.25372090000000E-003	-2.77406420000000E+002
-7.25037110000000E-003	-2.76470590000000E+002
-7.24701850000000E-003	-2.75534760000000E+002
-7.24366300000000E-003	-2.74598930000000E+002
-7.24030470000000E-003	-2.73663100000000E+002
-7.23694340000000E-003	-2.72727270000000E+002
-7.23357940000000E-003	-2.71791440000000E+002
-7.23021240000000E-003	-2.70855620000000E+002
-7.22684250000000E-003	-2.69919790000000E+002
-7.22346980000000E-003	-2.68983960000000E+002
-7.22009410000000E-003	-2.68048130000000E+002
-7.21671560000000E-003	-2.67112300000000E+002
-7.21333410000000E-003	-2.66176470000000E+002
-7.20994970000000E-003	-2.65240640000000E+002
-7.20656240000000E-003	-2.64304810000000E+002
-7.20317210000000E-003	-2.63368980000000E+002
-7.19977890000000E-003	-2.62433160000000E+002
-7.19638270000000E-003	-2.61497330000000E+002
-7.19298360000000E-003	-2.60561500000000E+002
-7.18958150000000E-003	-2.59625670000000E+002
-7.18617650000000E-003	-2.58689840000000E+002
-7.18276840000000E-003	-2.57754010000000E+002
-7.17935740000000E-003	-2.56818180000000E+002
-7.17594330000000E-003	-2.55882350000000E+002
-7.17252630000000E-003	-2.54946520000000E+002
-7.16910630000000E-003	-2.54010700000000E+002
-7.16568320000000E-003	-2.53074870000000E+002
-7.16225710000000E-003	-2.52139040000000E+002
-7.15882800000000E-003	-2.51203210000000E+002
-7.15539580000000E-003	-2.50267380000000E+002
-7.15196060000000E-003	-2.49331550000000E+002
-7.14852240000000E-003	-2.48395720000000E+002
-7.14508100000000E-003	-2.47459890000000E+002
-7.14163660000000E-003	-2.46524060000000E+002
-7.13818920000000E-003	-2.45588240000000E+002
-7.13473860000000E-003	-2.44652410000000E+002
-7.13128490000000E-003	-2.43716580000000E+002
-7.12782820000000E-003	-2.42780750000000E+002
-7.12436830000000E-003	-2.41844920000000E+002
-7.12090530000000E-003	-2.40909090000000E+002
-7.11743920000000E-003	-2.39973260000000E+002
-7.11396990000000E-003	-2.39037430000000E+002
-7.11049750000000E-003	-2.38101610000000E+002
-7.10702200000000E-003	-2.37165780000000E+002
-7.10354330000000E-003	-2.36229950000000E+002
-7.10006140000000E-003	-2.35294120000000E+002
-7.09657640000000E-003	-2.34358290000000E+002
-7.09308810000000E-003	-2.33422460000000E+002
-7.08959670000000E-003	-2.32486630000000E+002
-7.08610210000000E-003	-2.31550800000000E+002
-7.08260430000000E-003	-2.30614970000000E+002
-7.07910320000000E-003	-2.29679150000000E+002
-7.07559900000000E-003	-2.28743320000000E+002
-7.07209150000000E-003	-2.27807490000000E+002
-7.06858070000000E-003	-2.26871660000000E+002
-7.06506670000000E-003	-2.25935830000000E+002
-7.06154950000000E-003	-2.25000000000000E+002
-7.05802900000000E-003	-2.24064170000000E+002
-7.05450520000000E-003	-2.23128340000000E+002
-7.05097810000000E-003	-2.22192510000000E+002
-7.04744770000000E-003	-2.21256690000000E+002
-7.04391410000000E-003	-2.20320860000000E+002
-7.04037710000000E-003	-2.19385030000000E+002
-7.03683680000000E-003	-2.18449200000000E+002
-7.03329320000000E-003	-2.17513370000000E+002
-7.02974620000000E-003	-2.16577540000000E+002
-7.02619590000000E-003	-2.15641710000000E+002
-7.02264230000000E-003	-2.14705880000000E+002
-7.01908530000000E-003	-2.13770050000000E+002
-7.01552490000000E-003	-2.12834230000000E+002
-7.01196110000000E-003	-2.11898400000000E+002
-7.00839390000000E-003	-2.10962570000000E+002
-7.00482340000000E-003	-2.10026740000000E+002
-7.00124940000000E-003	-2.09090910000000E+002
-6.99767200000000E-003	-2.08155080000000E+002
-6.99409120000000E-003	-2.07219250000000E+002
-6.99050700000000E-003	-2.06283420000000E+002
-6.98691930000000E-003	-2.05347590000000E+002
-6.98332810000000E-003	-2.04411770000000E+002
-6.97973350000000E-003	-2.03475940000000E+002
-6.97613540000000E-003	-2.02540110000000E+002
-6.97253390000000E-003	-2.01604280000000E+002
-6.96892880000000E-003	-2.00668450000000E+002
-6.96532020000000E-003	-1.99732620000000E+002
-6.96170820000000E-003	-1.98796790000000E+002
-6.95809260000000E-003	-1.97860960000000E+002
-6.95447350000000E-003	-1.96925130000000E+002
-6.95085080000000E-003	-1.95989310000000E+002
-6.94722460000000E-003	-1.95053480000000E+002
-6.94359480000000E-003	-1.94117650000000E+002
-6.93996150000000E-003	-1.93181820000000E+002
-6.93632450000000E-003	-1.92245990000000E+002
-6.93268400000000E-003	-1.91310160000000E+002
-6.92903990000000E-003	-1.90374330000000E+002
-6.92539220000000E-003	-1.89438500000000E+002
-6.92174080000000E-003	-1.88502670000000E+002
-6.91808590000000E-003	-1.87566850000000E+002
-6.91442730000000E-003	-1.86631020000000E+002
-6.91076500000000E-003	-1.85695190000000E+002
-6.90709910000000E-003	-1.84759360000000E+002
-6.90342950000000E-003	-1.83823530000000E+002
-6.89975620000000E-003	-1.82887700000000E+002
-6.89607920000000E-003	-1.81951870000000E+002
-6.89239860000000E-003	-1.81016040000000E+002
-6.88871420000000E-003	-1.80080210000000E+002
-6.88502610000000E-003	-1.79144390000000E+002
-6.88133420000000E-003	-1.78208560000000E+002
-6.87763860000000E-003	-1.77272730000000E+002
-6.87393930000000E-003	-1.76336900000000E+002
-6.87023620000000E-003	-1.75401070000000E+002
-6.86652930000000E-003	-1.74465240000000E+002
-6.86281860000000E-003	-1.73529410000000E+002
-6.85910420000000E-003	-1.72593580000000E+002
-6.85538590000000E-003	-1.71657750000000E+002
-6.85166380000000E-003	-1.70721930000000E+002
-6.84793780000000E-003	-1.69786100000000E+002
-6.84420810000000E-003	-1.68850270000000E+002
-6.84047440000000E-003	-1.67914440000000E+002
-6.83673690000000E-003	-1.66978610000000E+002
-6.83299560000000E-003	-1.66042780000000E+002
-6.82925030000000E-003	-1.65106950000000E+002
-6.82550110000000E-003	-1.64171120000000E+002
-6.82174810000000E-003	-1.63235300000000E+002
-6.81799110000000E-003	-1.62299470000000E+002
-6.81423010000000E-003	-1.61363640000000E+002
-6.81046530000000E-003	-1.60427810000000E+002
-6.80669640000000E-003	-1.59491980000000E+002
-6.80292360000000E-003	-1.58556150000000E+002
-6.79914680000000E-003	-1.57620320000000E+002
-6.79536610000000E-003	-1.56684490000000E+002
-6.79158130000000E-003	-1.55748660000000E+002
-6.78779250000000E-003	-1.54812840000000E+002
-6.78399970000000E-003	-1.53877010000000E+002
-6.78020280000000E-003	-1.52941180000000E+002
-6.77640190000000E-003	-1.52005350000000E+002
-6.77259690000000E-003	-1.51069520000000E+002
-6.76878780000000E-003	-1.50133690000000E+002
-6.76497470000000E-003	-1.49197860000000E+002
-6.76115740000000E-003	-1.48262030000000E+002
-6.75733600000000E-003	-1.47326200000000E+002
-6.75351050000000E-003	-1.46390380000000E+002
-6.74968090000000E-003	-1.45454550000000E+002
-6.74584710000000E-003	-1.44518720000000E+002
-6.74200910000000E-003	-1.43582890000000E+002
-6.73816700000000E-003	-1.42647060000000E+002
-6.73432070000000E-003	-1.41711230000000E+002
-6.73047010000000E-003	-1.40775400000000E+002
-6.72661540000000E-003	-1.39839570000000E+002
-6.72275640000000E-003	-1.38903740000000E+002
-6.71889320000000E-003	-1.37967920000000E+002
-6.71502570000000E-003	-1.37032090000000E+002
-6.71115400000000E-003	-1.36096260000000E+002
-6.70727800000000E-003	-1.35160430000000E+002
-6.70339760000000E-003	-1.34224600000000E+002
-6.69951300000000E-003	-1.33288770000000E+002
-6.69562400000000E-003	-1.32352940000000E+002
-6.69173080000000E-003	-1.31417110000000E+002
-6.68783310000000E-003	-1.30481280000000E+002
-6.68393110000000E-003	-1.29545460000000E+002
-6.68002470000000E-003	-1.28609630000000E+002
-6.67611390000000E-003	-1.27673800000000E+002
-6.67219880000000E-003	-1.26737970000000E+002
-6.66827920000000E-003	-1.25802140000000E+002
-6.66435510000000E-003	-1.24866310000000E+002
-6.66042660000000E-003	-1.23930480000000E+002
-6.65649370000000E-003	-1.22994650000000E+002
-6.65255630000000E-003	-1.22058820000000E+002
-6.64861440000000E-003	-1.21123000000000E+002
-6.64466790000000E-003	-1.20187170000000E+002
-6.64071700000000E-003	-1.19251340000000E+002
-6.63676150000000E-003	-1.18315510000000E+002
-6.63280150000000E-003	-1.17379680000000E+002
-6.62883690000000E-003	-1.16443850000000E+002
-6.62486780000000E-003	-1.15508020000000E+002
-6.62089400000000E-003	-1.14572190000000E+002
-6.61691560000000E-003	-1.13636360000000E+002
-6.61293260000000E-003	-1.12700540000000E+002
-6.60894500000000E-003	-1.11764710000000E+002
-6.60495270000000E-003	-1.10828880000000E+002
-6.60095580000000E-003	-1.09893050000000E+002
-6.59694760000000E-003	-1.08957230000000E+002
-6.59292100000000E-003	-1.08021410000000E+002
-6.58887510000000E-003	-1.07085580000000E+002
-6.58480970000000E-003	-1.06149750000000E+002
-6.58072450000000E-003	-1.05213930000000E+002
-6.57661930000000E-003	-1.04278100000000E+002
-6.57249380000000E-003	-1.03342270000000E+002
-6.56834770000000E-003	-1.02406440000000E+002
-6.56418070000000E-003	-1.01470610000000E+002
-6.55999250000000E-003	-1.00534780000000E+002
-6.55578280000000E-003	-9.95989550000000E+001
-6.55155130000000E-003	-9.86631270000000E+001
-6.54729770000000E-003	-9.77272980000000E+001
-6.54302160000000E-003	-9.67914700000000E+001
-6.53872270000000E-003	-9.58556410000000E+001
-6.53440060000000E-003	-9.49198130000000E+001
-6.53005510000000E-003	-9.39839850000000E+001
-6.52568570000000E-003	-9.30481560000000E+001
-6.52129200000000E-003	-9.21123280000000E+001
-6.51687380000000E-003	-9.11765000000000E+001
-6.51243050000000E-003	-9.02406720000000E+001
-6.50796180000000E-003	-8.93048430000000E+001
-6.50346730000000E-003	-8.83690150000000E+001
-6.49894650000000E-003	-8.74331870000000E+001
-6.49439900000000E-003	-8.64973590000000E+001
-6.48982440000000E-003	-8.55615300000000E+001
-6.48522220000000E-003	-8.46257020000000E+001
-6.48059190000000E-003	-8.36898740000000E+001
-6.47593300000000E-003	-8.27540460000000E+001
-6.47124510000000E-003	-8.18182180000000E+001
-6.46652760000000E-003	-8.08823900000000E+001
-6.46178000000000E-003	-7.99465620000000E+001
-6.45700170000000E-003	-7.90107340000000E+001
-6.45219220000000E-003	-7.80749060000000E+001
-6.44735080000000E-003	-7.71390780000000E+001
-6.44247710000000E-003	-7.62032500000000E+001
-6.43757030000000E-003	-7.52674220000000E+001
-6.43262990000000E-003	-7.43315950000000E+001
-6.42765510000000E-003	-7.33957670000000E+001
-6.42264530000000E-003	-7.24599390000000E+001
-6.41759980000000E-003	-7.15241110000000E+001
-6.41251790000000E-003	-7.05882840000000E+001
-6.40739870000000E-003	-6.96524560000000E+001
-6.40224160000000E-003	-6.87166290000000E+001
-6.39704570000000E-003	-6.77808010000000E+001
-6.39181030000000E-003	-6.68449740000000E+001
-6.38653430000000E-003	-6.59091460000000E+001
-6.38121700000000E-003	-6.49733190000000E+001
-6.37585740000000E-003	-6.40374920000000E+001
-6.37045450000000E-003	-6.31016650000000E+001
-6.36500740000000E-003	-6.21658380000000E+001
-6.35951500000000E-003	-6.12300110000000E+001
-6.35397620000000E-003	-6.02941840000000E+001
-6.34839000000000E-003	-5.93583570000000E+001
-6.34275510000000E-003	-5.84225300000000E+001
-6.33707030000000E-003	-5.74867040000000E+001
-6.33133440000000E-003	-5.65508770000000E+001
-6.32554610000000E-003	-5.56150510000000E+001
-6.31970390000000E-003	-5.46792240000000E+001
-6.31380650000000E-003	-5.37433980000000E+001
-6.30785230000000E-003	-5.28075720000000E+001
-6.30183980000000E-003	-5.18717470000000E+001
-6.29576730000000E-003	-5.09359210000000E+001
-6.28963320000000E-003	-5.00000950000000E+001
