0.00000000000000E+000	0.00000000000000E+000
-1.40320270000000E-005	-1.06823890000000E+000
-3.71990280000000E-005	-2.13662790000000E+000
-6.66579430000000E-005	-3.20640890000000E+000
-9.56233570000000E-005	-4.28068110000000E+000
-1.23803290000000E-004	-5.35037380000000E+000
-1.51271020000000E-004	-6.41974710000000E+000
-1.78077190000000E-004	-7.48916950000000E+000
-2.04272390000000E-004	-8.55856650000000E+000
-2.29912230000000E-004	-9.62792350000000E+000
-2.55048640000000E-004	-1.06972790000000E+001
-2.79749390000000E-004	-1.17676020000000E+001
-3.04012130000000E-004	-1.28371910000000E+001
-3.27882300000000E-004	-1.39064470000000E+001
-3.51397980000000E-004	-1.49757420000000E+001
-3.74585680000000E-004	-1.60451090000000E+001
-3.97467320000000E-004	-1.71145020000000E+001
-4.20084970000000E-004	-1.81849240000000E+001
-4.42395840000000E-004	-1.92536000000000E+001
-4.64483150000000E-004	-2.03235480000000E+001
-4.86328220000000E-004	-2.13933240000000E+001
-5.07941550000000E-004	-2.24627440000000E+001
-5.29340710000000E-004	-2.35320730000000E+001
-5.50539170000000E-004	-2.46014480000000E+001
-5.71546640000000E-004	-2.56708660000000E+001
-5.92371550000000E-004	-2.67402990000000E+001
-6.13043740000000E-004	-2.78108320000000E+001
-6.33513890000000E-004	-2.88796270000000E+001
-6.53847640000000E-004	-2.99495600000000E+001
-6.74027340000000E-004	-3.10194970000000E+001
-6.94052420000000E-004	-3.20890540000000E+001
-7.13931950000000E-004	-3.31583910000000E+001
-7.33675180000000E-004	-3.42277200000000E+001
-7.53288340000000E-004	-3.52971160000000E+001
-7.72775600000000E-004	-3.63665570000000E+001
-7.92140630000000E-004	-3.74360090000000E+001
-8.11387230000000E-004	-3.85054550000000E+001
-8.30519300000000E-004	-3.95748990000000E+001
-8.49540530000000E-004	-4.06443450000000E+001
-8.68454390000000E-004	-4.17137960000000E+001
-8.87286220000000E-004	-4.27844760000000E+001
-9.05983940000000E-004	-4.38535050000000E+001
-9.24602590000000E-004	-4.49234160000000E+001
-9.43104360000000E-004	-4.59921560000000E+001
-9.61535360000000E-004	-4.70621060000000E+001
-9.79857180000000E-004	-4.81310320000000E+001
-9.98110780000000E-004	-4.92010550000000E+001
-1.01628140000000E-003	-5.02712810000000E+001
-1.03433790000000E-003	-5.13397530000000E+001
-1.05233280000000E-003	-5.24093330000000E+001
-1.07025560000000E-003	-5.34793800000000E+001
-1.08809810000000E-003	-5.45492960000000E+001
-1.10585930000000E-003	-5.56188890000000E+001
-1.12354250000000E-003	-5.66882540000000E+001
-1.14115230000000E-003	-5.77575660000000E+001
-1.15869230000000E-003	-5.88269340000000E+001
-1.17616410000000E-003	-5.98963790000000E+001
-1.19356870000000E-003	-6.09658660000000E+001
-1.21090680000000E-003	-6.20353580000000E+001
-1.22817950000000E-003	-6.31048360000000E+001
-1.24538820000000E-003	-6.41743010000000E+001
-1.26253430000000E-003	-6.52437610000000E+001
-1.27961910000000E-003	-6.63132230000000E+001
-1.29664380000000E-003	-6.73826910000000E+001
-1.31363320000000E-003	-6.84536180000000E+001
-1.33053840000000E-003	-6.95229720000000E+001
-1.34737640000000E-003	-7.05916380000000E+001
-1.36418270000000E-003	-7.16617760000000E+001
-1.38091740000000E-003	-7.27309210000000E+001
-1.39761730000000E-003	-7.38012230000000E+001
-1.41424200000000E-003	-7.48701700000000E+001
-1.43083260000000E-003	-7.59401990000000E+001
-1.44735220000000E-003	-7.70090140000000E+001
-1.46384000000000E-003	-7.80789610000000E+001
-1.48026120000000E-003	-7.91478510000000E+001
-1.49665180000000E-003	-8.02178610000000E+001
-1.51297750000000E-003	-8.12868180000000E+001
-1.52927320000000E-003	-8.23568430000000E+001
-1.54550540000000E-003	-8.34258010000000E+001
-1.56170850000000E-003	-8.44957930000000E+001
-1.57787480000000E-003	-8.55663460000000E+001
-1.59396650000000E-003	-8.66349640000000E+001
-1.61002880000000E-003	-8.77044400000000E+001
-1.62605720000000E-003	-8.87745420000000E+001
-1.64201940000000E-003	-8.98431090000000E+001
-1.65795500000000E-003	-9.09126270000000E+001
-1.67385920000000E-003	-9.19828140000000E+001
-1.68972560000000E-003	-9.30532040000000E+001
-1.70552030000000E-003	-9.41215170000000E+001
-1.72128900000000E-003	-9.51906620000000E+001
-1.73702920000000E-003	-9.62605300000000E+001
-1.75273590000000E-003	-9.73307440000000E+001
-1.76840410000000E-003	-9.84009380000000E+001
-1.78400320000000E-003	-9.94690190000000E+001
-1.79957890000000E-003	-1.00537940000000E+002
-1.81512980000000E-003	-1.01607680000000E+002
-1.83065100000000E-003	-1.02677860000000E+002
-1.84613730000000E-003	-1.03748100000000E+002
-1.86158520000000E-003	-1.04818130000000E+002
-1.87696680000000E-003	-1.05886020000000E+002
-1.89232770000000E-003	-1.06954750000000E+002
-1.90766700000000E-003	-1.08024360000000E+002
-1.92298050000000E-003	-1.09094500000000E+002
-1.93826270000000E-003	-1.10164790000000E+002
-1.95350940000000E-003	-1.11234880000000E+002
-1.96871900000000E-003	-1.12304650000000E+002
-1.98389210000000E-003	-1.13374100000000E+002
-1.99903070000000E-003	-1.14443340000000E+002
-2.01413740000000E-003	-1.15512520000000E+002
-2.02921410000000E-003	-1.16581760000000E+002
-2.04426210000000E-003	-1.17651120000000E+002
-2.05928150000000E-003	-1.18720610000000E+002
-2.07427220000000E-003	-1.19790170000000E+002
-2.08923370000000E-003	-1.20859760000000E+002
-2.10416560000000E-003	-1.21929330000000E+002
-2.11906800000000E-003	-1.22998860000000E+002
-2.13394120000000E-003	-1.24068350000000E+002
-2.14878570000000E-003	-1.25137800000000E+002
-2.16360200000000E-003	-1.26207240000000E+002
-2.17839070000000E-003	-1.27276700000000E+002
-2.19315210000000E-003	-1.28346160000000E+002
-2.20788660000000E-003	-1.29415650000000E+002
-2.22259430000000E-003	-1.30485150000000E+002
-2.23727550000000E-003	-1.31554650000000E+002
-2.25193030000000E-003	-1.32624150000000E+002
-2.26655890000000E-003	-1.33693640000000E+002
-2.28116150000000E-003	-1.34763130000000E+002
-2.29573840000000E-003	-1.35832620000000E+002
-2.31029000000000E-003	-1.36902100000000E+002
-2.32481640000000E-003	-1.37971590000000E+002
-2.33931790000000E-003	-1.39041080000000E+002
-2.35379480000000E-003	-1.40110570000000E+002
-2.36824730000000E-003	-1.41180060000000E+002
-2.38267560000000E-003	-1.42249550000000E+002
-2.39707990000000E-003	-1.43319050000000E+002
-2.41146040000000E-003	-1.44388540000000E+002
-2.42581730000000E-003	-1.45458030000000E+002
-2.44015090000000E-003	-1.46527530000000E+002
-2.45446130000000E-003	-1.47597020000000E+002
-2.46874880000000E-003	-1.48666510000000E+002
-2.48301350000000E-003	-1.49736010000000E+002
-2.49725560000000E-003	-1.50805500000000E+002
-2.51147550000000E-003	-1.51875000000000E+002
-2.52567310000000E-003	-1.52944490000000E+002
-2.53984880000000E-003	-1.54013990000000E+002
-2.55400260000000E-003	-1.55083480000000E+002
-2.56813490000000E-003	-1.56152980000000E+002
-2.58224570000000E-003	-1.57222480000000E+002
-2.59633530000000E-003	-1.58291970000000E+002
-2.61040370000000E-003	-1.59361470000000E+002
-2.62445130000000E-003	-1.60430970000000E+002
-2.63847810000000E-003	-1.61500470000000E+002
-2.65248440000000E-003	-1.62569960000000E+002
-2.66647020000000E-003	-1.63639460000000E+002
-2.68043580000000E-003	-1.64708960000000E+002
-2.69438130000000E-003	-1.65778460000000E+002
-2.70830680000000E-003	-1.66847960000000E+002
-2.72221260000000E-003	-1.67917460000000E+002
-2.73609880000000E-003	-1.68986960000000E+002
-2.74996540000000E-003	-1.70056460000000E+002
-2.76381280000000E-003	-1.71125960000000E+002
-2.77764090000000E-003	-1.72195460000000E+002
-2.79145000000000E-003	-1.73264960000000E+002
-2.80524030000000E-003	-1.74334460000000E+002
-2.81901170000000E-003	-1.75403960000000E+002
-2.83276460000000E-003	-1.76473460000000E+002
-2.84649900000000E-003	-1.77542960000000E+002
-2.86021500000000E-003	-1.78612470000000E+002
-2.87391280000000E-003	-1.79681970000000E+002
-2.88759250000000E-003	-1.80751470000000E+002
-2.90125430000000E-003	-1.81820970000000E+002
-2.91489830000000E-003	-1.82890470000000E+002
-2.92852450000000E-003	-1.83959980000000E+002
-2.94213320000000E-003	-1.85029480000000E+002
-2.95572450000000E-003	-1.86098980000000E+002
-2.96929840000000E-003	-1.87168490000000E+002
-2.98285510000000E-003	-1.88237990000000E+002
-2.99639470000000E-003	-1.89307490000000E+002
-3.00991740000000E-003	-1.90377000000000E+002
-3.02342320000000E-003	-1.91446500000000E+002
-3.03691220000000E-003	-1.92516000000000E+002
-3.05038460000000E-003	-1.93585510000000E+002
-3.06384050000000E-003	-1.94655010000000E+002
-3.07728000000000E-003	-1.95724520000000E+002
-3.09070320000000E-003	-1.96794020000000E+002
-3.10411020000000E-003	-1.97863530000000E+002
-3.11750120000000E-003	-1.98933030000000E+002
-3.13087610000000E-003	-2.00002540000000E+002
-3.14423520000000E-003	-2.01072040000000E+002
-3.15757850000000E-003	-2.02141550000000E+002
-3.17090610000000E-003	-2.03211050000000E+002
-3.18421820000000E-003	-2.04280560000000E+002
-3.19751470000000E-003	-2.05350060000000E+002
-3.21079590000000E-003	-2.06419570000000E+002
-3.22406190000000E-003	-2.07489080000000E+002
-3.23731260000000E-003	-2.08558580000000E+002
-3.25054830000000E-003	-2.09628090000000E+002
-3.26376890000000E-003	-2.10697600000000E+002
-3.27697470000000E-003	-2.11767100000000E+002
-3.29016560000000E-003	-2.12836610000000E+002
-3.30334180000000E-003	-2.13906120000000E+002
-3.31650340000000E-003	-2.14975620000000E+002
-3.32965050000000E-003	-2.16045130000000E+002
-3.34278300000000E-003	-2.17114640000000E+002
-3.35590130000000E-003	-2.18184140000000E+002
-3.36900520000000E-003	-2.19253650000000E+002
-3.38209490000000E-003	-2.20323160000000E+002
-3.39517060000000E-003	-2.21392670000000E+002
-3.40823210000000E-003	-2.22462170000000E+002
-3.42127980000000E-003	-2.23531680000000E+002
-3.43431350000000E-003	-2.24601190000000E+002
-3.44733350000000E-003	-2.25670700000000E+002
-3.46033980000000E-003	-2.26740210000000E+002
-3.47333240000000E-003	-2.27809710000000E+002
-3.48631150000000E-003	-2.28879220000000E+002
-3.49927710000000E-003	-2.29948730000000E+002
-3.51222930000000E-003	-2.31018240000000E+002
-3.52516820000000E-003	-2.32087750000000E+002
-3.53809380000000E-003	-2.33157260000000E+002
-3.55100630000000E-003	-2.34226770000000E+002
-3.56390560000000E-003	-2.35296270000000E+002
-3.57679190000000E-003	-2.36365780000000E+002
-3.58966530000000E-003	-2.37435290000000E+002
-3.60252570000000E-003	-2.38504800000000E+002
-3.61537340000000E-003	-2.39574310000000E+002
-3.62820830000000E-003	-2.40643820000000E+002
-3.64103050000000E-003	-2.41713330000000E+002
-3.65384010000000E-003	-2.42782840000000E+002
-3.66663720000000E-003	-2.43852350000000E+002
-3.67942170000000E-003	-2.44921860000000E+002
-3.69219390000000E-003	-2.45991370000000E+002
-3.70495370000000E-003	-2.47060880000000E+002
-3.71770130000000E-003	-2.48130390000000E+002
-3.73043660000000E-003	-2.49199900000000E+002
-3.74315980000000E-003	-2.50269410000000E+002
-3.75587080000000E-003	-2.51338920000000E+002
-3.76856990000000E-003	-2.52408430000000E+002
-3.78125700000000E-003	-2.53477940000000E+002
-3.79393220000000E-003	-2.54547450000000E+002
-3.80659550000000E-003	-2.55616960000000E+002
-3.81924710000000E-003	-2.56686470000000E+002
-3.83188690000000E-003	-2.57755980000000E+002
-3.84451510000000E-003	-2.58825490000000E+002
-3.85713160000000E-003	-2.59895000000000E+002
-3.86973660000000E-003	-2.60964510000000E+002
-3.88233020000000E-003	-2.62034020000000E+002
-3.89491230000000E-003	-2.63103530000000E+002
-3.90748300000000E-003	-2.64173040000000E+002
-3.92004240000000E-003	-2.65242560000000E+002
-3.93259050000000E-003	-2.66312070000000E+002
-3.94512740000000E-003	-2.67381580000000E+002
-3.95765320000000E-003	-2.68451090000000E+002
-3.97016790000000E-003	-2.69520600000000E+002
-3.98267150000000E-003	-2.70590110000000E+002
-3.99516410000000E-003	-2.71659620000000E+002
-4.00764580000000E-003	-2.72729130000000E+002
-4.02011660000000E-003	-2.73798650000000E+002
-4.03257650000000E-003	-2.74868160000000E+002
-4.04502570000000E-003	-2.75937670000000E+002
-4.05746410000000E-003	-2.77007180000000E+002
-4.06989180000000E-003	-2.78076690000000E+002
-4.08230890000000E-003	-2.79146200000000E+002
-4.09471550000000E-003	-2.80215710000000E+002
-4.10711140000000E-003	-2.81285230000000E+002
-4.11949690000000E-003	-2.82354740000000E+002
-4.13187200000000E-003	-2.83424250000000E+002
-4.14423660000000E-003	-2.84493760000000E+002
-4.15659100000000E-003	-2.85563270000000E+002
-4.16893500000000E-003	-2.86632790000000E+002
-4.18126880000000E-003	-2.87702300000000E+002
-4.19359230000000E-003	-2.88771810000000E+002
-4.20590570000000E-003	-2.89841320000000E+002
-4.21820900000000E-003	-2.90910840000000E+002
-4.23050220000000E-003	-2.91980350000000E+002
-4.24278540000000E-003	-2.93049860000000E+002
-4.25505870000000E-003	-2.94119370000000E+002
-4.26732200000000E-003	-2.95188890000000E+002
-4.27957540000000E-003	-2.96258400000000E+002
-4.29181890000000E-003	-2.97327910000000E+002
-4.30405270000000E-003	-2.98397420000000E+002
-4.31627670000000E-003	-2.99466940000000E+002
-4.32849090000000E-003	-3.00536450000000E+002
-4.34069550000000E-003	-3.01605960000000E+002
-4.35289050000000E-003	-3.02675470000000E+002
-4.36507580000000E-003	-3.03744990000000E+002
-4.37725170000000E-003	-3.04814500000000E+002
-4.38941800000000E-003	-3.05884010000000E+002
-4.40157480000000E-003	-3.06953530000000E+002
-4.41372220000000E-003	-3.08023040000000E+002
-4.42586020000000E-003	-3.09092550000000E+002
-4.43798890000000E-003	-3.10162060000000E+002
-4.45010820000000E-003	-3.11231580000000E+002
-4.46221830000000E-003	-3.12301090000000E+002
-4.47431910000000E-003	-3.13370600000000E+002
-4.48641080000000E-003	-3.14440120000000E+002
-4.49849320000000E-003	-3.15509630000000E+002
-4.51056660000000E-003	-3.16579140000000E+002
-4.52263090000000E-003	-3.17648660000000E+002
-4.53468610000000E-003	-3.18718170000000E+002
-4.54673230000000E-003	-3.19787680000000E+002
-4.55876960000000E-003	-3.20857200000000E+002
-4.57079790000000E-003	-3.21926710000000E+002
-4.58281730000000E-003	-3.22996220000000E+002
-4.59482790000000E-003	-3.24065740000000E+002
-4.60682960000000E-003	-3.25135250000000E+002
-4.61882260000000E-003	-3.26204760000000E+002
-4.63080670000000E-003	-3.27274280000000E+002
-4.64278220000000E-003	-3.28343790000000E+002
-4.65474900000000E-003	-3.29413310000000E+002
-4.66670710000000E-003	-3.30482820000000E+002
-4.67865660000000E-003	-3.31552330000000E+002
-4.69059750000000E-003	-3.32621850000000E+002
-4.70252980000000E-003	-3.33691360000000E+002
-4.71445370000000E-003	-3.34760870000000E+002
-4.72636900000000E-003	-3.35830390000000E+002
-4.73827590000000E-003	-3.36899900000000E+002
-4.75017440000000E-003	-3.37969420000000E+002
-4.76206450000000E-003	-3.39038930000000E+002
-4.77394620000000E-003	-3.40108440000000E+002
-4.78581960000000E-003	-3.41177960000000E+002
-4.79768480000000E-003	-3.42247470000000E+002
-4.80954160000000E-003	-3.43316990000000E+002
-4.82139030000000E-003	-3.44386500000000E+002
-4.83323070000000E-003	-3.45456010000000E+002
-4.84506300000000E-003	-3.46525530000000E+002
-4.85688710000000E-003	-3.47595040000000E+002
-4.86870310000000E-003	-3.48664560000000E+002
-4.88051110000000E-003	-3.49734070000000E+002
-4.89231100000000E-003	-3.50803590000000E+002
-4.90410290000000E-003	-3.51873100000000E+002
-4.91588680000000E-003	-3.52942610000000E+002
-4.92766270000000E-003	-3.54012130000000E+002
-4.93943070000000E-003	-3.55081640000000E+002
-4.95119090000000E-003	-3.56151160000000E+002
-4.96294310000000E-003	-3.57220670000000E+002
-4.97468750000000E-003	-3.58290190000000E+002
-4.98642410000000E-003	-3.59359700000000E+002
-4.99815290000000E-003	-3.60429220000000E+002
-5.00987400000000E-003	-3.61498730000000E+002
-5.02158730000000E-003	-3.62568240000000E+002
-5.03329300000000E-003	-3.63637760000000E+002
-5.04499090000000E-003	-3.64707270000000E+002
-5.05668130000000E-003	-3.65776790000000E+002
-5.06836400000000E-003	-3.66846300000000E+002
-5.08003910000000E-003	-3.67915820000000E+002
-5.09170660000000E-003	-3.68985330000000E+002
-5.10336660000000E-003	-3.70054850000000E+002
-5.11501910000000E-003	-3.71124360000000E+002
-5.12666410000000E-003	-3.72193880000000E+002
-5.13830170000000E-003	-3.73263390000000E+002
-5.14993180000000E-003	-3.74332910000000E+002
-5.16155460000000E-003	-3.75402420000000E+002
-5.17316990000000E-003	-3.76471940000000E+002
-5.18477790000000E-003	-3.77541450000000E+002
-5.19637850000000E-003	-3.78610970000000E+002
-5.20797190000000E-003	-3.79680480000000E+002
-5.21955800000000E-003	-3.80750000000000E+002
-5.23113680000000E-003	-3.81819510000000E+002
-5.24270840000000E-003	-3.82889030000000E+002
-5.25427280000000E-003	-3.83958540000000E+002
-5.26583000000000E-003	-3.85028060000000E+002
-5.27738000000000E-003	-3.86097570000000E+002
-5.28892290000000E-003	-3.87167090000000E+002
-5.30045870000000E-003	-3.88236600000000E+002
-5.31198750000000E-003	-3.89306120000000E+002
-5.32350910000000E-003	-3.90375630000000E+002
-5.33502380000000E-003	-3.91445150000000E+002
-5.34653140000000E-003	-3.92514660000000E+002
-5.35803200000000E-003	-3.93584180000000E+002
-5.36952570000000E-003	-3.94653690000000E+002
-5.38101240000000E-003	-3.95723210000000E+002
-5.39249220000000E-003	-3.96792720000000E+002
-5.40396510000000E-003	-3.97862240000000E+002
-5.41543110000000E-003	-3.98931750000000E+002
-5.42689030000000E-003	-4.00001270000000E+002
-5.42349800000000E-003	-3.99064170000000E+002
-5.42010890000000E-003	-3.98128340000000E+002
-5.41671830000000E-003	-3.97192510000000E+002
-5.41332640000000E-003	-3.96256680000000E+002
-5.40993290000000E-003	-3.95320860000000E+002
-5.40653810000000E-003	-3.94385030000000E+002
-5.40314170000000E-003	-3.93449200000000E+002
-5.39974400000000E-003	-3.92513370000000E+002
-5.39634470000000E-003	-3.91577540000000E+002
-5.39294400000000E-003	-3.90641710000000E+002
-5.38954190000000E-003	-3.89705880000000E+002
-5.38613830000000E-003	-3.88770050000000E+002
-5.38273320000000E-003	-3.87834220000000E+002
-5.37932660000000E-003	-3.86898400000000E+002
-5.37591860000000E-003	-3.85962570000000E+002
-5.37250900000000E-003	-3.85026740000000E+002
-5.36909800000000E-003	-3.84090910000000E+002
-5.36568550000000E-003	-3.83155080000000E+002
-5.36227150000000E-003	-3.82219250000000E+002
-5.35885610000000E-003	-3.81283420000000E+002
-5.35543910000000E-003	-3.80347590000000E+002
-5.35202060000000E-003	-3.79411760000000E+002
-5.34860060000000E-003	-3.78475940000000E+002
-5.34517910000000E-003	-3.77540110000000E+002
-5.34175610000000E-003	-3.76604280000000E+002
-5.33833160000000E-003	-3.75668450000000E+002
-5.33490550000000E-003	-3.74732620000000E+002
-5.33147800000000E-003	-3.73796790000000E+002
-5.32804890000000E-003	-3.72860960000000E+002
-5.32461820000000E-003	-3.71925130000000E+002
-5.32118610000000E-003	-3.70989310000000E+002
-5.31775240000000E-003	-3.70053480000000E+002
-5.31431710000000E-003	-3.69117650000000E+002
-5.31088030000000E-003	-3.68181820000000E+002
-5.30744200000000E-003	-3.67245990000000E+002
-5.30400210000000E-003	-3.66310160000000E+002
-5.30056070000000E-003	-3.65374330000000E+002
-5.29711760000000E-003	-3.64438500000000E+002
-5.29367310000000E-003	-3.63502670000000E+002
-5.29022690000000E-003	-3.62566850000000E+002
-5.28677920000000E-003	-3.61631020000000E+002
-5.28332990000000E-003	-3.60695190000000E+002
-5.27987900000000E-003	-3.59759360000000E+002
-5.27642660000000E-003	-3.58823530000000E+002
-5.27297250000000E-003	-3.57887700000000E+002
-5.26951690000000E-003	-3.56951870000000E+002
-5.26605960000000E-003	-3.56016040000000E+002
-5.26260080000000E-003	-3.55080210000000E+002
-5.25914030000000E-003	-3.54144390000000E+002
-5.25567830000000E-003	-3.53208560000000E+002
-5.25221460000000E-003	-3.52272730000000E+002
-5.24874930000000E-003	-3.51336900000000E+002
-5.24528240000000E-003	-3.50401070000000E+002
-5.24181380000000E-003	-3.49465240000000E+002
-5.23834370000000E-003	-3.48529410000000E+002
-5.23487190000000E-003	-3.47593580000000E+002
-5.23139840000000E-003	-3.46657750000000E+002
-5.22792330000000E-003	-3.45721930000000E+002
-5.22444660000000E-003	-3.44786100000000E+002
-5.22096820000000E-003	-3.43850270000000E+002
-5.21748820000000E-003	-3.42914440000000E+002
-5.21400650000000E-003	-3.41978610000000E+002
-5.21052310000000E-003	-3.41042780000000E+002
-5.20703810000000E-003	-3.40106950000000E+002
-5.20355140000000E-003	-3.39171120000000E+002
-5.20006300000000E-003	-3.38235290000000E+002
-5.19657300000000E-003	-3.37299470000000E+002
-5.19308120000000E-003	-3.36363640000000E+002
-5.18958780000000E-003	-3.35427810000000E+002
-5.18609260000000E-003	-3.34491980000000E+002
-5.18259580000000E-003	-3.33556150000000E+002
-5.17909730000000E-003	-3.32620320000000E+002
-5.17559700000000E-003	-3.31684490000000E+002
-5.17209510000000E-003	-3.30748660000000E+002
-5.16859140000000E-003	-3.29812830000000E+002
-5.16508600000000E-003	-3.28877010000000E+002
-5.16157890000000E-003	-3.27941180000000E+002
-5.15807000000000E-003	-3.27005350000000E+002
-5.15455940000000E-003	-3.26069520000000E+002
-5.15104710000000E-003	-3.25133690000000E+002
-5.14753300000000E-003	-3.24197860000000E+002
-5.14401720000000E-003	-3.23262030000000E+002
-5.14049960000000E-003	-3.22326200000000E+002
-5.13698020000000E-003	-3.21390370000000E+002
-5.13345910000000E-003	-3.20454550000000E+002
-5.12993620000000E-003	-3.19518720000000E+002
-5.12641160000000E-003	-3.18582890000000E+002
-5.12288510000000E-003	-3.17647060000000E+002
-5.11935690000000E-003	-3.16711230000000E+002
-5.11582690000000E-003	-3.15775400000000E+002
-5.11229510000000E-003	-3.14839570000000E+002
-5.10876150000000E-003	-3.13903740000000E+002
-5.10522610000000E-003	-3.12967910000000E+002
-5.10168890000000E-003	-3.12032090000000E+002
-5.09814980000000E-003	-3.11096260000000E+002
-5.09460900000000E-003	-3.10160430000000E+002
-5.09106630000000E-003	-3.09224600000000E+002
-5.08752180000000E-003	-3.08288770000000E+002
-5.08397550000000E-003	-3.07352940000000E+002
-5.08042730000000E-003	-3.06417110000000E+002
-5.07687730000000E-003	-3.05481280000000E+002
-5.07332540000000E-003	-3.04545450000000E+002
-5.06977160000000E-003	-3.03609630000000E+002
-5.06621600000000E-003	-3.02673800000000E+002
-5.06265860000000E-003	-3.01737970000000E+002
-5.05909930000000E-003	-3.00802140000000E+002
-5.05553800000000E-003	-2.99866310000000E+002
-5.05197490000000E-003	-2.98930480000000E+002
-5.04841000000000E-003	-2.97994650000000E+002
-5.04484310000000E-003	-2.97058820000000E+002
-5.04127430000000E-003	-2.96122990000000E+002
-5.03770360000000E-003	-2.95187170000000E+002
-5.03413100000000E-003	-2.94251340000000E+002
-5.03055650000000E-003	-2.93315510000000E+002
-5.02698010000000E-003	-2.92379680000000E+002
-5.02340180000000E-003	-2.91443850000000E+002
-5.01982150000000E-003	-2.90508020000000E+002
-5.01623920000000E-003	-2.89572190000000E+002
-5.01265510000000E-003	-2.88636360000000E+002
-5.00906890000000E-003	-2.87700540000000E+002
-5.00548090000000E-003	-2.86764710000000E+002
-5.00189080000000E-003	-2.85828880000000E+002
-4.99829880000000E-003	-2.84893050000000E+002
-4.99470480000000E-003	-2.83957220000000E+002
-4.99110890000000E-003	-2.83021390000000E+002
-4.98751090000000E-003	-2.82085560000000E+002
-4.98391100000000E-003	-2.81149730000000E+002
-4.98030910000000E-003	-2.80213900000000E+002
-4.97670510000000E-003	-2.79278080000000E+002
-4.97309920000000E-003	-2.78342250000000E+002
-4.96949120000000E-003	-2.77406420000000E+002
-4.96588120000000E-003	-2.76470590000000E+002
-4.96226920000000E-003	-2.75534760000000E+002
-4.95865520000000E-003	-2.74598930000000E+002
-4.95503910000000E-003	-2.73663100000000E+002
-4.95142090000000E-003	-2.72727270000000E+002
-4.94780080000000E-003	-2.71791440000000E+002
-4.94417850000000E-003	-2.70855620000000E+002
-4.94055420000000E-003	-2.69919790000000E+002
-4.93692780000000E-003	-2.68983960000000E+002
-4.93329930000000E-003	-2.68048130000000E+002
-4.92966880000000E-003	-2.67112300000000E+002
-4.92603610000000E-003	-2.66176470000000E+002
-4.92240140000000E-003	-2.65240640000000E+002
-4.91876450000000E-003	-2.64304810000000E+002
-4.91512560000000E-003	-2.63368980000000E+002
-4.91148450000000E-003	-2.62433160000000E+002
-4.90784130000000E-003	-2.61497330000000E+002
-4.90419590000000E-003	-2.60561500000000E+002
-4.90054850000000E-003	-2.59625670000000E+002
-4.89689880000000E-003	-2.58689840000000E+002
-4.89324710000000E-003	-2.57754010000000E+002
-4.88959310000000E-003	-2.56818180000000E+002
-4.88593700000000E-003	-2.55882350000000E+002
-4.88227870000000E-003	-2.54946520000000E+002
-4.87861830000000E-003	-2.54010700000000E+002
-4.87495560000000E-003	-2.53074870000000E+002
-4.87129080000000E-003	-2.52139040000000E+002
-4.86762370000000E-003	-2.51203210000000E+002
-4.86395450000000E-003	-2.50267380000000E+002
-4.86028300000000E-003	-2.49331550000000E+002
-4.85660930000000E-003	-2.48395720000000E+002
-4.85293340000000E-003	-2.47459890000000E+002
-4.84925520000000E-003	-2.46524060000000E+002
-4.84557480000000E-003	-2.45588240000000E+002
-4.84189210000000E-003	-2.44652410000000E+002
-4.83820720000000E-003	-2.43716580000000E+002
-4.83452000000000E-003	-2.42780750000000E+002
-4.83083050000000E-003	-2.41844920000000E+002
-4.82713880000000E-003	-2.40909090000000E+002
-4.82344470000000E-003	-2.39973260000000E+002
-4.81974830000000E-003	-2.39037430000000E+002
-4.81604970000000E-003	-2.38101600000000E+002
-4.81234870000000E-003	-2.37165780000000E+002
-4.80864540000000E-003	-2.36229950000000E+002
-4.80493970000000E-003	-2.35294120000000E+002
-4.80123180000000E-003	-2.34358290000000E+002
-4.79752140000000E-003	-2.33422460000000E+002
-4.79380880000000E-003	-2.32486630000000E+002
-4.79009370000000E-003	-2.31550800000000E+002
-4.78637630000000E-003	-2.30614970000000E+002
-4.78265650000000E-003	-2.29679140000000E+002
-4.77893430000000E-003	-2.28743320000000E+002
-4.77520970000000E-003	-2.27807490000000E+002
-4.77148270000000E-003	-2.26871660000000E+002
-4.76775330000000E-003	-2.25935830000000E+002
-4.76402150000000E-003	-2.25000000000000E+002
-4.76028720000000E-003	-2.24064170000000E+002
-4.75655050000000E-003	-2.23128340000000E+002
-4.75281130000000E-003	-2.22192510000000E+002
-4.74906970000000E-003	-2.21256680000000E+002
-4.74532570000000E-003	-2.20320860000000E+002
-4.74157910000000E-003	-2.19385030000000E+002
-4.73783010000000E-003	-2.18449200000000E+002
-4.73407850000000E-003	-2.17513370000000E+002
-4.73032450000000E-003	-2.16577540000000E+002
-4.72656790000000E-003	-2.15641710000000E+002
-4.72280890000000E-003	-2.14705880000000E+002
-4.71904720000000E-003	-2.13770050000000E+002
-4.71528310000000E-003	-2.12834230000000E+002
-4.71151640000000E-003	-2.11898400000000E+002
-4.70774720000000E-003	-2.10962570000000E+002
-4.70397530000000E-003	-2.10026740000000E+002
-4.70020090000000E-003	-2.09090910000000E+002
-4.69642400000000E-003	-2.08155080000000E+002
-4.69264440000000E-003	-2.07219250000000E+002
-4.68886220000000E-003	-2.06283420000000E+002
-4.68507740000000E-003	-2.05347590000000E+002
-4.68128990000000E-003	-2.04411770000000E+002
-4.67749990000000E-003	-2.03475940000000E+002
-4.67370710000000E-003	-2.02540110000000E+002
-4.66991180000000E-003	-2.01604280000000E+002
-4.66611370000000E-003	-2.00668450000000E+002
-4.66231300000000E-003	-1.99732620000000E+002
-4.65850960000000E-003	-1.98796790000000E+002
-4.65470350000000E-003	-1.97860960000000E+002
-4.65089470000000E-003	-1.96925130000000E+002
-4.64708310000000E-003	-1.95989310000000E+002
-4.64326890000000E-003	-1.95053480000000E+002
-4.63945180000000E-003	-1.94117650000000E+002
-4.63563210000000E-003	-1.93181820000000E+002
-4.63180960000000E-003	-1.92245990000000E+002
-4.62798430000000E-003	-1.91310160000000E+002
-4.62415620000000E-003	-1.90374330000000E+002
-4.62032530000000E-003	-1.89438500000000E+002
-4.61649160000000E-003	-1.88502670000000E+002
-4.61265510000000E-003	-1.87566850000000E+002
-4.60881580000000E-003	-1.86631020000000E+002
-4.60497360000000E-003	-1.85695190000000E+002
-4.60112860000000E-003	-1.84759360000000E+002
-4.59728070000000E-003	-1.83823530000000E+002
-4.59343000000000E-003	-1.82887700000000E+002
-4.58957630000000E-003	-1.81951870000000E+002
-4.58571980000000E-003	-1.81016040000000E+002
-4.58186030000000E-003	-1.80080210000000E+002
-4.57799790000000E-003	-1.79144390000000E+002
-4.57413260000000E-003	-1.78208560000000E+002
-4.57026430000000E-003	-1.77272730000000E+002
-4.56639310000000E-003	-1.76336900000000E+002
-4.56251890000000E-003	-1.75401070000000E+002
-4.55864170000000E-003	-1.74465240000000E+002
-4.55476150000000E-003	-1.73529410000000E+002
-4.55087830000000E-003	-1.72593580000000E+002
-4.54699210000000E-003	-1.71657750000000E+002
-4.54310290000000E-003	-1.70721930000000E+002
-4.53921060000000E-003	-1.69786100000000E+002
-4.53531520000000E-003	-1.68850270000000E+002
-4.53141680000000E-003	-1.67914440000000E+002
-4.52751520000000E-003	-1.66978610000000E+002
-4.52361060000000E-003	-1.66042780000000E+002
-4.51970290000000E-003	-1.65106950000000E+002
-4.51579200000000E-003	-1.64171120000000E+002
-4.51187800000000E-003	-1.63235290000000E+002
-4.50796080000000E-003	-1.62299470000000E+002
-4.50404050000000E-003	-1.61363640000000E+002
-4.50011690000000E-003	-1.60427810000000E+002
-4.49619020000000E-003	-1.59491980000000E+002
-4.49226030000000E-003	-1.58556150000000E+002
-4.48832710000000E-003	-1.57620320000000E+002
-4.48439070000000E-003	-1.56684490000000E+002
-4.48045100000000E-003	-1.55748660000000E+002
-4.47650810000000E-003	-1.54812830000000E+002
-4.47256190000000E-003	-1.53877010000000E+002
-4.46861230000000E-003	-1.52941180000000E+002
-4.46465950000000E-003	-1.52005350000000E+002
-4.46070330000000E-003	-1.51069520000000E+002
-4.45674380000000E-003	-1.50133690000000E+002
-4.45278090000000E-003	-1.49197860000000E+002
-4.44881460000000E-003	-1.48262030000000E+002
-4.44484500000000E-003	-1.47326200000000E+002
-4.44087190000000E-003	-1.46390380000000E+002
-4.43689540000000E-003	-1.45454550000000E+002
-4.43291550000000E-003	-1.44518720000000E+002
-4.42893210000000E-003	-1.43582890000000E+002
-4.42494520000000E-003	-1.42647060000000E+002
-4.42095490000000E-003	-1.41711230000000E+002
-4.41696100000000E-003	-1.40775400000000E+002
-4.41296360000000E-003	-1.39839570000000E+002
-4.40896270000000E-003	-1.38903740000000E+002
-4.40495820000000E-003	-1.37967920000000E+002
-4.40095010000000E-003	-1.37032090000000E+002
-4.39693840000000E-003	-1.36096260000000E+002
-4.39292310000000E-003	-1.35160430000000E+002
-4.38890420000000E-003	-1.34224600000000E+002
-4.38488160000000E-003	-1.33288770000000E+002
-4.38085540000000E-003	-1.32352940000000E+002
-4.37682550000000E-003	-1.31417110000000E+002
-4.37279190000000E-003	-1.30481280000000E+002
-4.36875460000000E-003	-1.29545460000000E+002
-4.36471350000000E-003	-1.28609630000000E+002
-4.36066860000000E-003	-1.27673800000000E+002
-4.35662000000000E-003	-1.26737970000000E+002
-4.35256760000000E-003	-1.25802140000000E+002
-4.34851140000000E-003	-1.24866310000000E+002
-4.34445130000000E-003	-1.23930480000000E+002
-4.34038740000000E-003	-1.22994650000000E+002
-4.33631950000000E-003	-1.22058820000000E+002
-4.33224780000000E-003	-1.21123000000000E+002
-4.32817220000000E-003	-1.20187170000000E+002
-4.32409270000000E-003	-1.19251340000000E+002
-4.32000910000000E-003	-1.18315510000000E+002
-4.31592160000000E-003	-1.17379680000000E+002
-4.31183010000000E-003	-1.16443850000000E+002
-4.30773460000000E-003	-1.15508020000000E+002
-4.30363500000000E-003	-1.14572190000000E+002
-4.29953140000000E-003	-1.13636360000000E+002
-4.29542360000000E-003	-1.12700540000000E+002
-4.29131180000000E-003	-1.11764710000000E+002
-4.28719580000000E-003	-1.10828880000000E+002
-4.28307570000000E-003	-1.09893050000000E+002
-4.27895140000000E-003	-1.08957220000000E+002
-4.27482280000000E-003	-1.08021390000000E+002
-4.27069010000000E-003	-1.07085560000000E+002
-4.26655310000000E-003	-1.06149730000000E+002
-4.26241180000000E-003	-1.05213900000000E+002
-4.25826620000000E-003	-1.04278080000000E+002
-4.25411630000000E-003	-1.03342250000000E+002
-4.24996210000000E-003	-1.02406420000000E+002
-4.24580350000000E-003	-1.01470590000000E+002
-4.24164040000000E-003	-1.00534760000000E+002
-4.23747300000000E-003	-9.95989320000000E+001
-4.23330110000000E-003	-9.86631030000000E+001
-4.22912470000000E-003	-9.77272740000000E+001
-4.22494390000000E-003	-9.67914450000000E+001
-4.22075850000000E-003	-9.58556160000000E+001
-4.21656850000000E-003	-9.49197870000000E+001
-4.21237400000000E-003	-9.39839580000000E+001
-4.20817480000000E-003	-9.30481290000000E+001
-4.20397100000000E-003	-9.21123010000000E+001
-4.19976260000000E-003	-9.11764720000000E+001
-4.19554940000000E-003	-9.02406430000000E+001
-4.19133150000000E-003	-8.93048140000000E+001
-4.18710890000000E-003	-8.83689850000000E+001
-4.18288150000000E-003	-8.74331560000000E+001
-4.17864930000000E-003	-8.64973270000000E+001
-4.17441220000000E-003	-8.55614990000000E+001
-4.17017020000000E-003	-8.46256700000000E+001
-4.16592340000000E-003	-8.36898410000000E+001
-4.16167160000000E-003	-8.27540120000000E+001
-4.15741490000000E-003	-8.18181830000000E+001
-4.15315310000000E-003	-8.08823540000000E+001
-4.14888640000000E-003	-7.99465250000000E+001
-4.14461450000000E-003	-7.90106970000000E+001
-4.14033760000000E-003	-7.80748680000000E+001
-4.13605550000000E-003	-7.71390390000000E+001
-4.13176830000000E-003	-7.62032100000000E+001
-4.12747590000000E-003	-7.52673810000000E+001
-4.12317820000000E-003	-7.43315520000000E+001
-4.11887530000000E-003	-7.33957230000000E+001
-4.11456710000000E-003	-7.24598940000000E+001
-4.11025350000000E-003	-7.15240660000000E+001
-4.10593460000000E-003	-7.05882370000000E+001
-4.10161020000000E-003	-6.96524080000000E+001
-4.09728040000000E-003	-6.87165790000000E+001
-4.09294520000000E-003	-6.77807500000000E+001
-4.08860440000000E-003	-6.68449210000000E+001
-4.08425800000000E-003	-6.59090920000000E+001
-4.07990600000000E-003	-6.49732640000000E+001
-4.07554840000000E-003	-6.40374350000000E+001
-4.07118510000000E-003	-6.31016060000000E+001
-4.06681610000000E-003	-6.21657770000000E+001
-4.06244130000000E-003	-6.12299480000000E+001
-4.05806070000000E-003	-6.02941190000000E+001
-4.05367430000000E-003	-5.93582900000000E+001
-4.04928200000000E-003	-5.84224620000000E+001
-4.04488370000000E-003	-5.74866330000000E+001
-4.04047950000000E-003	-5.65508040000000E+001
-4.03606920000000E-003	-5.56149750000000E+001
-4.03165290000000E-003	-5.46791460000000E+001
-4.02723040000000E-003	-5.37433170000000E+001
-4.02280180000000E-003	-5.28074880000000E+001
-4.01836700000000E-003	-5.18716600000000E+001
-4.01392590000000E-003	-5.09358310000000E+001
-4.00947860000000E-003	-5.00000020000000E+001
