-0.0	-0.0
-0.00013375	-0.00012614
-0.00042756	-0.0002149
-0.00042756	-0.00021957
-0.00058197	-0.00030367
-0.00087899	-0.00049054
-0.00125665	-0.00071946
-0.00162546	-0.00096706
-0.0019982	-0.00126139
-0.00255683	-0.00159309
-0.00306923	-0.00189675
-0.00369276	-0.00218641
-0.00424352	-0.00245737
-0.00490738	-0.00271899
-0.005407	-0.00296193
-0.00605315	-0.00317683
-0.00665603	-0.00338239
-0.00728645	-0.00356459
-0.00792474	-0.00373745
-0.00855319	-0.00390563
-0.00909805	-0.00405513
-0.00977076	-0.00419061
-0.01039331	-0.00432142
-0.01097161	-0.00442887
-0.01162956	-0.00453165
-0.01222851	-0.00462042
-0.0128786	-0.00469984
-0.0134687	-0.00477459
-0.01400568	-0.00483999
-0.01476691	-0.00488671
-0.01536389	-0.00493343
-0.01597071	-0.00496613
-0.01660408	-0.00499883
-0.01722466	-0.00501752
-0.01785115	-0.00503154
-0.01853074	-0.00503621
-0.01919362	-0.00503621
-0.01985354	-0.00502219
-0.02046921	-0.00500351
-0.02107504	-0.00497547
-0.02164645	-0.00492408
-0.02227785	-0.00487737
-0.02294958	-0.00480729
-0.02357312	-0.00473254
-0.02414453	-0.00465779
-0.02474249	-0.00457837
-0.02539651	-0.00450829
-0.02608791	-0.00443822
-0.02668981	-0.00437281
-0.02727991	-0.00430273
-0.02784541	-0.00422331
-0.02843354	-0.00414389
-0.02919477	-0.0040598
-0.02977208	-0.00397104
-0.03036414	-0.0038776
-0.03106832	-0.00377482
-0.03171055	-0.00367671
-0.03229966	-0.00357393
-0.03281108	-0.00346181
-0.03347592	-0.00335903
-0.03413781	-0.00324223
-0.03468955	-0.00312077
-0.03531407	-0.00299463
-0.03597596	-0.00287783
-0.03671555	-0.00274702
-0.03732335	-0.00262088
-0.0379341	-0.0024854
-0.03852911	-0.00235459
-0.0391969	-0.00221911
-0.0398883	-0.00208363
-0.04046168	-0.00194347
-0.0411216	-0.00179865
-0.04174612	-0.00164915
-0.0424208	-0.00149498
-0.04303155	-0.00134081
-0.04360984	-0.00119131
-0.04434648	-0.00103247
-0.04507722	-0.00087363
-0.04567715	-0.00071479
-0.04628003	-0.00054193
-0.04686127	-0.00037374
-0.04743563	-0.00020556
-0.04804343	-3.27e-05
-0.04861976	0.00013548
-0.04935148	0.00031768
-0.05001436	0.00049054
-0.05062216	0.00067274
-0.05126733	0.00085961
-0.05190463	0.00105116
-0.05256456	0.00122869
-0.05318908	0.00139687
-0.05378606	0.00157907
-0.0544509	0.00176594
-0.05512656	0.00196216
-0.05580124	0.00214436
-0.05642969	0.0023359
-0.05700897	0.00253212
-0.05763545	0.00272366
-0.05831406	0.00291988
-0.05890908	0.00312077
-0.05966637	0.00332165
-0.06018369	0.00352254
-0.06087803	0.00372343
-0.06144059	0.00394301
-0.06212412	0.00414389
-0.06277421	0.00435412
-0.06346069	0.00456903
-0.06401144	0.00475123
-0.0646576	0.0049381
-0.0652536	0.00513432
-0.06580239	0.00534455
-0.06642789	0.00554543
-0.0671006	0.00575099
-0.06780577	0.00596123
-0.06837226	0.00616679
-0.06900661	0.00637702
-0.06966949	0.00658725
-0.07024385	0.00680682
-0.0709018	0.00700771
-0.07153321	0.00722261
-0.07219313	0.00743285
-0.07282257	0.00764775
-0.07343922	0.00786265
-0.07405784	0.00807755
-0.07467154	0.0083018
-0.07540326	0.00851203
-0.07608974	0.00873161
-0.07665918	0.00894651
-0.07731812	0.00916609
-0.07801443	0.00938566
-0.07864387	0.00960056
-0.07926249	0.00982481
-0.07990373	0.01003971
-0.08052431	0.01026396
-0.08113703	0.01048353
-0.08185301	0.01069844
-0.08246475	0.01092268
-0.08311385	0.01115628
-0.08381213	0.01137585
-0.08438059	0.0116001
-0.08498151	0.01182434
-0.08566405	0.01204392
-0.08625317	0.01227751
-0.08685015	0.01249708
-0.08747958	0.01271666
-0.08813852	0.01293623
-0.08878468	0.01316982
-0.08945837	0.01339874
-0.09015469	0.01362299
-0.09074183	0.01384256
-0.09139389	0.01407148
-0.09200169	0.01430507
-0.09257113	0.01452932
-0.09332154	0.01474422
-0.09395491	0.01495913
-0.09454904	0.01517403
-0.09520218	0.01538426
-0.09585767	0.01559916
-0.09644689	0.01582808
-0.09706993	0.016057
-0.0976672	0.0162719
-0.09829782	0.01649148
-0.09897506	0.01671105
-0.09967776	0.01693063
-0.10028792	0.0171502
-0.10086081	0.01737445
-0.1014871	0.01759403
-0.1020767	0.01781827
-0.10268253	0.0180285
-0.10332249	0.01825275
-0.10396963	0.01846765
-0.10466673	0.0186919
-0.10527758	0.01890213
-0.10585204	0.01912638
-0.10654285	0.01934595
-0.10727368	0.01956553
-0.10786869	0.01977576
-0.10851534	0.02000001
-0.10912393	0.02021958
-0.10967832	0.02043448
-0.11031189	0.02064939
-0.11093907	0.02086429
-0.11154814	0.02108387
-0.1121524	0.02129877
-0.11283141	0.02152769
-0.11344717	0.02174726
-0.11420672	0.02196684
-0.11483311	0.02221444
-0.11543157	0.02241066
-0.11606976	0.02262089
-0.11662642	0.02284046
-0.11726864	0.02305537
-0.11792168	0.0232656
-0.11858554	0.0234805
-0.11920907	0.02370008
-0.11984441	0.02390564
-0.12048368	0.02411587
-0.12107673	0.0243261
-0.1217042	0.02453633
-0.12235035	0.02474189
-0.12298175	0.02495679
-0.12356693	0.02516235
-0.12414326	0.02537258
-0.12494383	0.02558282
-0.12553884	0.02578837
-0.12620368	0.02599393
-0.12682918	0.02619949
-0.12744387	0.02640505
-0.12806937	0.02660594
-0.12870372	0.02681617
-0.1293902	0.02702173
-0.12997243	0.02722262
-0.13057531	0.02742351
-0.1312313	0.02762907
-0.13185189	0.02782528
-0.13251476	0.02803084
-0.13319141	0.02823173
-0.13380707	0.02842327
-0.13449159	0.02861949
-0.13510234	0.02882038
-0.13576619	0.02901659
-0.13639071	0.02922215
-0.13703392	0.02940903
-0.13768204	0.02960524
-0.13825837	0.02979211
-0.13903631	0.02996964
-0.13963231	0.03016119
-0.14021552	0.03036207
-0.14086561	0.03055829
-0.14151964	0.03074049
-0.14210088	0.03093671
-0.14276179	0.03112358
-0.14336565	0.03131979
-0.14398034	0.03150667
-0.14461174	0.03169354
-0.1451861	0.03187574
-0.14596405	0.03206728
-0.14655709	0.03225416
-0.14731242	0.03242701
-0.14787006	0.03260921
-0.14841393	0.03279141
-0.1491309	0.03297361
-0.14977804	0.03315114
-0.15034453	0.03333801
-0.1509956	0.03351087
-0.15159455	0.03369307
-0.15222104	0.03386593
-0.15288096	0.03404346
-0.15353203	0.03421631
-0.15414573	0.03437983
-0.1548627	0.03455268
-0.15546362	0.03473021
-0.1561619	0.03489373
-0.15675494	0.03505724
-0.1574306	0.03520674
-0.1580925	0.03537025
-0.1586167	0.03554311
-0.15923138	0.03570662
-0.15984803	0.03588882
-0.16045682	0.03604766
-0.16111772	0.03622519
-0.16177371	0.0363887
-0.1624297	0.03655222
-0.16304242	0.03671106
-0.16362268	0.03687457
-0.16426884	0.03702874
-0.16497204	0.03718291
-0.16552673	0.03733241
-0.1661896	0.03750059
-0.16680625	0.03765476
-0.16744651	0.03781361
-0.16815561	0.03795843
-0.1687162	0.03811727
-0.16936629	0.03827144
-0.16996229	0.03842094
-0.17065073	0.03857511
-0.17125066	0.03871994
-0.17184076	0.03886943
-0.17253707	0.0390236
-0.17314782	0.0391731
-0.17383529	0.03931793
-0.17442735	0.03946275
-0.17507744	0.03960291
-0.17572163	0.03974773
-0.17637565	0.03989723
-0.17698345	0.04003739
-0.17766796	0.04017754
-0.17833674	0.04031769
-0.17896224	0.04045785
-0.17957004	0.040598
-0.18019063	0.04073816
-0.18082105	0.04087364
-0.18146622	0.04101379
-0.18208287	0.0411446
-0.18268772	0.04128943
-0.18330437	0.04142024
-0.18396823	0.04155572
-0.1846488	0.04169121
-0.18527529	0.04182669
-0.18594505	0.04194816
-0.1865558	0.04208831
-0.1872885	0.04221445
-0.18788548	0.04234993
-0.18845296	0.04247607
-0.18911485	0.04261155
-0.18976002	0.04273769
-0.1903452	0.04286383
-0.19104053	0.04298997
-0.19164243	0.04312078
-0.19223351	0.04324225
-0.19288557	0.04336371
-0.19353959	0.04348518
-0.19422115	0.04360665
-0.19495681	0.04372344
-0.19557936	0.04384491
-0.19613208	0.04396638
-0.19682643	0.0440785
-0.19746177	0.04419997
-0.19815808	0.04431676
-0.19874228	0.04443823
-0.19936188	0.04455502
-0.19998345	0.04466248
-0.20057256	0.04477927
-0.20122166	0.04489139
-0.20185307	0.04500352
-0.20253561	0.04511097
-0.20316407	0.04522776
-0.20378957	0.04533054
-0.204419	0.04544267
-0.20506221	0.04555479
-0.20565526	0.04565757
-0.20635845	0.04576502
-0.20696822	0.0458678
-0.20765175	0.04597992
-0.20825266	0.0460827
-0.20896865	0.04618548
-0.20957645	0.04628359
-0.2101813	0.0463817
-0.210914	0.04647514
-0.21157589	0.04658726
-0.21226434	0.0466807
-0.21280821	0.0467788
-0.2133688	0.04688158
-0.21412019	0.04697502
-0.21473586	0.04706846
-0.21534661	0.04716656
-0.2159249	0.04726467
-0.21659368	0.04735344
-0.21720541	0.04744687
-0.2178496	0.04754498
-0.21851248	0.04762907
-0.21914978	0.04772251
-0.21986773	0.04781127
-0.22046176	0.04790004
-0.22113939	0.04798413
-0.22168916	0.04807757
-0.22227434	0.04816633
-0.22286149	0.04824108
-0.22345257	0.04832984
-0.22404266	0.04841394
-0.2246721	0.04849336
-0.22530758	0.04857745
-0.22594307	0.04866154
-0.22657855	0.04874563
-0.22721404	0.04882038
-0.22784952	0.04890448
-0.228485	0.0489839
-0.22912049	0.04906332
-0.22975597	0.04914274
-0.23039146	0.04922216
-0.23102694	0.04930158
-0.23166242	0.049381
-0.23229791	0.04945575
-0.23293339	0.0495305
-0.23356888	0.04960525
-0.23420436	0.04967532
-0.23483985	0.04975007
-0.23547533	0.04982482
-0.23611081	0.04990424
-0.2367463	0.04997432
-0.23738178	0.0500444
-0.23801727	0.05011447
-0.23865275	0.05018922
-0.23928823	0.05025463
-0.23992372	0.05032471
-0.2405592	0.05039478
-0.24119469	0.05046953
-0.24183017	0.05053494
-0.24246566	0.05060034
-0.24310114	0.05067042
-0.24373662	0.0507405
-0.24437211	0.0508059
-0.24500759	0.05086663
-0.24564308	0.05093671
-0.24627856	0.05100679
-0.24691404	0.05106752
-0.24754953	0.0511376
-0.24818501	0.05119833
-0.2488205	0.05126841
-0.24945598	0.05133382
-0.25009146	0.05139455
-0.25072695	0.05146463
-0.25136243	0.05152069
-0.25199792	0.05159076
-0.2526334	0.05165617
-0.25326889	0.0517169
-0.25390437	0.05178231
-0.25453985	0.05184304
-0.25517534	0.05190845
-0.25581082	0.05196918
-0.25644631	0.05203926
-0.25708179	0.05210466
-0.25771727	0.0521654
-0.25835276	0.05222613
-0.25898824	0.05229154
-0.25962373	0.05235227
-0.26025921	0.05241767
-0.2608947	0.05247374
-0.26153018	0.05254381
