0.000000000000000000e+00	0.000000000000000000e+00
-4.903999999999999803e-05	-7.855146050973016436e-02
-9.807999999999999607e-05	-1.543542195515552884e-01
-1.471199999999999873e-04	-2.274440467854850212e-01
-1.961599999999999921e-04	-2.978570328537534229e-01
-2.451999999999999970e-04	-3.656295893808188535e-01
-2.942399999999999747e-04	-4.307984489733637790e-01
-3.432800000000000066e-04	-4.934006652202953536e-01
-3.923199999999999843e-04	-5.534736126927444211e-01
-4.413599999999999620e-04	-6.110549869440671245e-01
-4.903999999999999939e-04	-6.661828045098425743e-01
-5.394399999999999716e-04	-7.188954029078753472e-01
-5.884799999999999493e-04	-7.692314406381937086e-01
-6.375199999999999270e-04	-8.172298971830503911e-01
-6.865600000000000131e-04	-8.629300730069224823e-01
-7.355999999999999909e-04	-9.063715895565112035e-01
-7.846399999999999686e-04	-9.475943892607422425e-01
-8.336799999999999463e-04	-9.866387355307655316e-01
-8.827199999999999240e-04	-1.023545212759955358e+00
-9.317600000000000101e-04	-1.058354726323910144e+00
-9.807999999999999878e-04	-1.091108502580452999e+00
-1.029839999999999966e-03	-1.121848088869630500e+00
-1.078879999999999943e-03	-1.150615353513714467e+00
-1.127919999999999921e-03	-1.177452485817200412e+00
-1.176959999999999899e-03	-1.202401996066808199e+00
-1.225999999999999876e-03	-1.225506715531483160e+00
-1.275039999999999854e-03	-1.246809796462392761e+00
-1.324080000000000049e-03	-1.266354712092930601e+00
-1.373120000000000026e-03	-1.284185256638713302e+00
-1.422160000000000004e-03	-1.300345545297583616e+00
-1.471199999999999982e-03	-1.314880014249605322e+00
-1.520239999999999959e-03	-1.327833420657070773e+00
-1.569279999999999937e-03	-1.339250842664492680e+00
-1.618319999999999915e-03	-1.349177679398611440e+00
-1.667359999999999893e-03	-1.357659650968388254e+00
-1.716399999999999870e-03	-1.364742798465012008e+00
-1.765439999999999848e-03	-1.370473483961893502e+00
-1.814479999999999826e-03	-1.374898390514668778e+00
-1.863520000000000020e-03	-1.378064522161198013e+00
-1.912559999999999998e-03	-1.380019203921565740e+00
-1.961599999999999976e-03	-1.380810081798081956e+00
-2.010639999999999736e-03	-1.380485122775277240e+00
-2.059679999999999931e-03	-1.379092614819912299e+00
-2.108720000000000126e-03	-1.376681166880965979e+00
-2.157759999999999886e-03	-1.373299708889645920e+00
-2.206800000000000081e-03	-1.368997491759381901e+00
-2.255839999999999842e-03	-1.363824087385829387e+00
-2.304880000000000036e-03	-1.357829388646865088e+00
-2.353919999999999797e-03	-1.351063609402595400e+00
-2.402959999999999992e-03	-1.343577284495345747e+00
-2.451999999999999753e-03	-1.335421269749668571e+00
-2.501039999999999947e-03	-1.326646741972339782e+00
-2.550079999999999708e-03	-1.317305198952360090e+00
-2.599119999999999903e-03	-1.307448459460954115e+00
-2.648160000000000097e-03	-1.297128663251570391e+00
-2.697199999999999858e-03	-1.286398271059884024e+00
-2.746240000000000053e-03	-1.275310064603790039e+00
-2.795279999999999813e-03	-1.263917146583414031e+00
-2.844320000000000008e-03	-1.252272940681097069e+00
-2.893359999999999769e-03	-1.240431191561413904e+00
-2.942399999999999963e-03	-1.228445964871157869e+00
-2.991439999999999724e-03	-1.216371647239349763e+00
-3.040479999999999919e-03	-1.204262946277231627e+00
-3.089519999999999680e-03	-1.192174890578269419e+00
-3.138559999999999874e-03	-1.180162829718157447e+00
-3.187600000000000069e-03	-1.168282434254812152e+00
-3.236639999999999830e-03	-1.156589695728374778e+00
-3.285680000000000024e-03	-1.145140926661207814e+00
-3.334719999999999785e-03	-1.133992760557902102e+00
-3.383759999999999980e-03	-1.123202151905270618e+00
-3.432799999999999740e-03	-1.112826376172352916e+00
-3.481839999999999935e-03	-1.102923029810408906e+00
-3.530879999999999696e-03	-1.093550030252925964e+00
-3.579919999999999890e-03	-1.084765615915613601e+00
-3.628959999999999651e-03	-1.076628346196410568e+00
-3.677999999999999846e-03	-1.069197101475473310e+00
-3.727040000000000040e-03	-1.062531083115183073e+00
-3.776079999999999801e-03	-1.056689813460154781e+00
-3.825119999999999996e-03	-1.051733135837212174e+00
-3.874159999999999757e-03	-1.047721214555421554e+00
-3.923199999999999951e-03	-1.044714534906056258e+00
-3.972240000000000146e-03	-1.042773903162622418e+00
-4.021279999999999473e-03	-1.041960446580851851e+00
-4.070319999999999667e-03	-1.042335613398696736e+00
-4.119359999999999862e-03	-1.043961172836336715e+00
-4.168400000000000057e-03	-1.046899215096171787e+00
-4.217440000000000251e-03	-1.051212151362829417e+00
-4.266479999999999578e-03	-1.056962713803162757e+00
-4.315519999999999773e-03	-1.064213955566245318e+00
-4.364559999999999967e-03	-1.073029250783376298e+00
-4.413600000000000162e-03	-1.083472294568078809e+00
-4.462639999999999489e-03	-1.095607103016103423e+00
-4.511679999999999684e-03	-1.109498013205419298e+00
-4.560719999999999878e-03	-1.125209683196228383e+00
-4.609760000000000073e-03	-1.142807092030947658e+00
-4.658799999999999400e-03	-1.162355539734223342e+00
-4.707839999999999595e-03	-1.183920647312927343e+00
-4.756879999999999789e-03	-1.207568356756150152e+00
-4.805919999999999984e-03	-1.233364931035209722e+00
-4.854960000000000178e-03	-1.261376954103653247e+00
-4.903999999999999505e-03	-1.291671330897242953e+00
-4.953039999999999700e-03	-1.324315287333972080e+00
-5.002079999999999894e-03	-1.359376370314056004e+00
-5.051120000000000089e-03	-1.396922447719934013e+00
-5.100159999999999416e-03	-1.437021708416269306e+00
-5.149199999999999611e-03	-1.479742662249952545e+00
-5.198239999999999805e-03	-1.525154140050096530e+00
-5.247280000000000000e-03	-1.573325293628034416e+00
-5.296320000000000194e-03	-1.624325595777335707e+00
-5.345359999999999522e-03	-1.678224840273774277e+00
-5.394399999999999716e-03	-1.735093141875367451e+00
-5.443439999999999911e-03	-1.795000936322349361e+00
-5.492480000000000105e-03	-1.858018980337178050e+00
-5.541519999999999432e-03	-1.924218351624533696e+00
-5.590559999999999627e-03	-1.993670448871327494e+00
-5.639599999999999821e-03	-2.066446991746687445e+00
-5.688640000000000016e-03	-2.142620020901969013e+00
-5.737679999999999343e-03	-2.222261897970753353e+00
-5.786719999999999538e-03	-2.305445305568845527e+00
-5.835759999999999732e-03	-2.392243247294270958e+00
-5.884799999999999927e-03	-2.482729047727289640e+00
-5.933840000000000121e-03	-2.576976352430374817e+00
-5.982879999999999449e-03	-2.675059127948220095e+00
-6.031919999999999643e-03	-2.777051661807760752e+00
-6.080959999999999838e-03	-2.883028562518152427e+00
-6.130000000000000032e-03	-2.993064759570756905e+00
-6.179039999999999359e-03	-3.107235503439170543e+00
-6.228079999999999554e-03	-3.225616365579231370e+00
-6.277119999999999748e-03	-3.348283238428980013e+00
-6.326159999999999943e-03	-3.475312335408684561e+00
-6.375200000000000138e-03	-3.606780190920840568e+00
-6.424239999999999465e-03	-3.742763660350171051e+00
-6.473279999999999659e-03	-3.883339920063619388e+00
-6.522319999999999854e-03	-4.028586467410363525e+00
-6.571360000000000048e-03	-4.178581120721784004e+00
-6.620399999999999376e-03	-4.333402019311495934e+00
-6.669439999999999570e-03	-4.493127623475352550e+00
-6.718479999999999765e-03	-4.657836714491416785e+00
-6.767519999999999959e-03	-4.827608394619979038e+00
-6.816560000000000154e-03	-5.002522087103546511e+00
-6.865599999999999481e-03	-5.182657536166864531e+00
-6.914639999999999675e-03	-5.368094807016895231e+00
-6.963679999999999870e-03	-5.558914285842831760e+00
-7.012720000000000065e-03	-5.755196679816073413e+00
-7.061759999999999392e-03	-5.957023017090264716e+00
-7.110799999999999586e-03	-6.164474646801263447e+00
-7.159839999999999781e-03	-6.377633239067158399e+00
-7.208879999999999975e-03	-6.596580784988255175e+00
-7.257919999999999303e-03	-6.821399596647083285e+00
-7.306959999999999497e-03	-7.052172307108410365e+00
-7.355999999999999692e-03	-7.288981870419213749e+00
-7.405039999999999886e-03	-7.531911561608694683e+00
-7.454080000000000081e-03	-7.781044976688281878e+00
-7.503119999999999408e-03	-8.036466032651642166e+00
-7.552159999999999603e-03	-8.298258967474648529e+00
-7.601199999999999797e-03	-8.566508340115408515e+00
-7.650239999999999992e-03	-8.841299030514235824e+00
-7.699279999999999319e-03	-9.122716239593703591e+00
-7.748319999999999513e-03	-9.410845489258569785e+00
-7.797359999999999708e-03	-9.705772622395834048e+00
-7.846399999999999902e-03	-1.000758380287474480e+01
-7.895440000000000097e-03	-1.031636551554672110e+01
-7.944480000000000292e-03	-1.063220456624546273e+01
-7.993520000000000486e-03	-1.095518808178684367e+01
-8.042559999999998946e-03	-1.128540350996899377e+01
-8.091599999999999140e-03	-1.162293861957228103e+01
-8.140639999999999335e-03	-1.196788150035924758e+01
-8.189679999999999530e-03	-1.232032056307469503e+01
-8.238719999999999724e-03	-1.268034453944566664e+01
-8.287759999999999919e-03	-1.304804248218137275e+01
-8.336800000000000113e-03	-1.342350376497330444e+01
-8.385840000000000308e-03	-1.380681808249514120e+01
-8.434880000000000502e-03	-1.419807545040280061e+01
-8.483919999999998962e-03	-1.459736620533440998e+01
-8.532959999999999157e-03	-1.500478100491036670e+01
-8.581999999999999351e-03	-1.542041082773324945e+01
-8.631039999999999546e-03	-1.584434697338785725e+01
-8.680079999999999740e-03	-1.627668106244124857e+01
-8.729119999999999935e-03	-1.671750503644266672e+01
-8.778160000000000129e-03	-1.716691115792361444e+01
-8.827200000000000324e-03	-1.762499201039777574e+01
-8.876239999999998784e-03	-1.809184049836110120e+01
-8.925279999999998978e-03	-1.856754984729177238e+01
-8.974319999999999173e-03	-1.905221360365015215e+01
-9.023359999999999367e-03	-1.954592563487884149e+01
-9.072399999999999562e-03	-2.004878012940269372e+01
-9.121439999999999756e-03	-2.056087159662874342e+01
-9.170479999999999951e-03	-2.108229486694629173e+01
-9.219520000000000146e-03	-2.161314509172682108e+01
-9.268560000000000340e-03	-2.215351774332408752e+01
-9.317599999999998800e-03	-2.270350861507400708e+01
-9.366639999999998994e-03	-2.326321382129481208e+01
-9.415679999999999189e-03	-2.383272979728685925e+01
-9.464719999999999384e-03	-2.441215329933281453e+01
-9.513759999999999578e-03	-2.500158140469748247e+01
-9.562799999999999773e-03	-2.560111151162798393e+01
-9.611839999999999967e-03	-2.621084133935357841e+01
-9.660880000000000162e-03	-2.683086892808580615e+01
-9.709920000000000356e-03	-2.746129263901844553e+01
-9.758959999999998816e-03	-2.810221115432739225e+01
-9.807999999999999011e-03	-2.875372347717094357e+01
-9.857039999999999205e-03	-2.941592893168945011e+01
-9.906079999999999400e-03	-3.008892716300557879e+01
-9.955119999999999594e-03	-3.077281813722417780e+01
-1.000415999999999979e-02	-3.146770214143239741e+01
-1.005319999999999998e-02	-3.217367978369949810e+01
-1.010224000000000018e-02	-3.289085199307704954e+01
-1.015128000000000037e-02	-3.361932001959882399e+01
-1.020031999999999883e-02	-3.435918543428075367e+01
-1.024935999999999903e-02	-3.511055012912115814e+01
-1.029839999999999922e-02	-3.587351631710040323e+01
-1.034743999999999942e-02	-3.664818653218118527e+01
-1.039647999999999961e-02	-3.743466362930836056e+01
-1.044551999999999981e-02	-3.823305078440905902e+01
-1.049456000000000000e-02	-3.904345149439262741e+01
-1.054360000000000019e-02	-3.986596957715063638e+01
-1.059264000000000039e-02	-4.070070917155683077e+01
-1.064167999999999885e-02	-4.154777473746722194e+01
-1.069071999999999904e-02	-4.240727105572010203e+01
-1.073975999999999924e-02	-4.327930322813591602e+01
-1.078879999999999943e-02	-4.416397667751731149e+01
-1.083783999999999963e-02	-4.506139714764917414e+01
-1.088687999999999982e-02	-4.597167070329871308e+01
-1.093592000000000002e-02	-4.689490373021522629e+01
-1.098496000000000021e-02	-4.783120293513030674e+01
-1.103400000000000040e-02	-4.878067534575778552e+01
-1.108303999999999886e-02	-4.974342831079361105e+01
-1.113207999999999906e-02	-5.071956949991615460e+01
-1.118111999999999925e-02	-5.170920690378581241e+01
-1.123015999999999945e-02	-5.271244883404529702e+01
-1.127919999999999964e-02	-5.372940392331953774e+01
-1.132823999999999984e-02	-5.476018112521570202e+01
-1.137728000000000003e-02	-5.580488971432315282e+01
-1.142632000000000023e-02	-5.686363928621350539e+01
-1.147535999999999869e-02	-5.793653975744052076e+01
-1.152439999999999888e-02	-5.902370136554031887e+01
-1.157343999999999908e-02	-6.012523466903115121e+01
-1.162247999999999927e-02	-6.124125054741350027e+01
-1.167151999999999946e-02	-6.237186020117008667e+01
-1.172055999999999966e-02	-6.351717515176589046e+01
-1.176959999999999985e-02	-6.467730724164803746e+01
-1.181864000000000005e-02	-6.585236863424592002e+01
-1.186768000000000024e-02	-6.704247181397118993e+01
-1.191671999999999870e-02	-6.824772958621761632e+01
-1.196575999999999890e-02	-6.946825507736139116e+01
-1.201479999999999909e-02	-7.070416173476070298e+01
-1.206383999999999929e-02	-7.195556332675610633e+01
-1.211287999999999948e-02	-7.322257394267030861e+01
-1.216191999999999968e-02	-7.450530799280832639e+01
-1.221095999999999987e-02	-7.580388020845731489e+01
-1.226000000000000006e-02	-7.711840564188668168e+01
-1.230904000000000026e-02	-7.844899966634805821e+01
-1.235807999999999872e-02	-7.979577797607527145e+01
-1.240711999999999891e-02	-8.115885658628451438e+01
-1.245615999999999911e-02	-8.253835183317401913e+01
-1.250519999999999930e-02	-8.393438037392431283e+01
-1.255423999999999950e-02	-8.534705918669820335e+01
-1.260327999999999969e-02	-8.677650557064060877e+01
-1.265231999999999989e-02	-8.822283714587881320e+01
-1.270136000000000008e-02	-8.968617185352218257e+01
-1.275040000000000028e-02	-9.116662795566239197e+01
-1.279943999999999873e-02	-9.266432403537325513e+01
-1.284847999999999893e-02	-9.417937899671100865e+01
-1.289751999999999912e-02	-9.571191206471389989e+01
-1.294655999999999932e-02	-9.726204278540251380e+01
-1.299559999999999951e-02	-9.882989102577961660e+01
-1.304463999999999971e-02	-1.004155769738301842e+02
-1.309367999999999990e-02	-1.020192211385214449e+02
-1.314272000000000010e-02	-1.036409443498028651e+02
-1.319176000000000029e-02	-1.052808677586061208e+02
-1.324079999999999875e-02	-1.069391128368450268e+02
-1.328983999999999895e-02	-1.086158013774158633e+02
-1.333887999999999914e-02	-1.103110554941969212e+02
-1.338791999999999933e-02	-1.120249976220486872e+02
-1.343695999999999953e-02	-1.137577505168140419e+02
-1.348599999999999972e-02	-1.155094372553179625e+02
-1.353503999999999992e-02	-1.172801812353677491e+02
-1.358408000000000011e-02	-1.190701061757527981e+02
-1.363312000000000031e-02	-1.208793361162448434e+02
-1.368215999999999877e-02	-1.227079954175977008e+02
-1.373119999999999896e-02	-1.245562087615476798e+02
-1.378023999999999916e-02	-1.264241011508130441e+02
-1.382927999999999935e-02	-1.283117979090944516e+02
-1.387831999999999955e-02	-1.302194246810746279e+02
-1.392735999999999974e-02	-1.321471074324187214e+02
-1.397639999999999993e-02	-1.340949724497738771e+02
-1.402544000000000013e-02	-1.360631463407696060e+02
-1.407447999999999859e-02	-1.380517560340176431e+02
-1.412351999999999878e-02	-1.400609287791119186e+02
-1.417255999999999898e-02	-1.420907921466286439e+02
-1.422159999999999917e-02	-1.441414740281261970e+02
-1.427063999999999937e-02	-1.462131026361450665e+02
-1.431967999999999956e-02	-1.483058065042082205e+02
-1.436871999999999976e-02	-1.504197144868206237e+02
-1.441775999999999995e-02	-1.525549557594696068e+02
-1.446680000000000015e-02	-1.547116598186246961e+02
-1.451583999999999861e-02	-1.568899564817374710e+02
-1.456487999999999880e-02	-1.590899758872421899e+02
-1.461391999999999899e-02	-1.613118484945547095e+02
-1.466295999999999919e-02	-1.635557050840736224e+02
-1.471199999999999938e-02	-1.658216767571794890e+02
-1.476103999999999958e-02	-1.681098949362351789e+02
-1.481007999999999977e-02	-1.704204913645857573e+02
-1.485911999999999997e-02	-1.727535981065585133e+02
-1.490816000000000016e-02	-1.751093475474629884e+02
-1.495719999999999862e-02	-1.774878723935908909e+02
-1.500623999999999882e-02	-1.798893056722162669e+02
-1.505527999999999901e-02	-1.823137807315952728e+02
-1.510431999999999921e-02	-1.847614312409663455e+02
-1.515335999999999940e-02	-1.872323911905501745e+02
-1.520239999999999959e-02	-1.897267948915495595e+02
-1.525143999999999979e-02	-1.922447769761495522e+02
-1.530047999999999998e-02	-1.947864723975175707e+02
-1.534952000000000018e-02	-1.973520164298031148e+02
-1.539855999999999864e-02	-1.999415446681379080e+02
-1.544759999999999883e-02	-2.025551930286359550e+02
-1.549663999999999903e-02	-2.051930977483936260e+02
-1.554567999999999922e-02	-2.078553953854891461e+02
-1.559471999999999942e-02	-2.105422228189833334e+02
-1.564375999999999961e-02	-2.132537172489190596e+02
-1.569279999999999980e-02	-2.159900161963213066e+02
-1.574184000000000000e-02	-2.187512575031975075e+02
-1.579088000000000019e-02	-2.215375793325372058e+02
-1.583992000000000039e-02	-2.243491201683122256e+02
-1.588896000000000058e-02	-2.271860188154766718e+02
-1.593800000000000078e-02	-2.300484143999664752e+02
-1.598704000000000097e-02	-2.329364463687003592e+02
-1.603607999999999770e-02	-2.358502544895787310e+02
-1.608511999999999789e-02	-2.387899788514848467e+02
-1.613415999999999809e-02	-2.417557598642836751e+02
-1.618319999999999828e-02	-2.447477382588226362e+02
-1.623223999999999848e-02	-2.477660550869312033e+02
-1.628127999999999867e-02	-2.508108517214212441e+02
-1.633031999999999886e-02	-2.538822698560867650e+02
-1.637935999999999906e-02	-2.569804515057040248e+02
-1.642839999999999925e-02	-2.601055390060315631e+02
-1.647743999999999945e-02	-2.632576750138099442e+02
-1.652647999999999964e-02	-2.664370025067622691e+02
-1.657551999999999984e-02	-2.696436647835935219e+02
-1.662456000000000003e-02	-2.728778054639911375e+02
-1.667360000000000023e-02	-2.761395684886247182e+02
-1.672264000000000042e-02	-2.794290981191462038e+02
-1.677168000000000062e-02	-2.827465389381893601e+02
-1.682072000000000081e-02	-2.860920358493708591e+02
-1.686976000000000100e-02	-2.894657340772887437e+02
-1.691879999999999773e-02	-2.928677791675238495e+02
-1.696783999999999792e-02	-2.962983169866394064e+02
-1.701687999999999812e-02	-2.997574937221804703e+02
-1.706591999999999831e-02	-3.032454558826743778e+02
-1.711495999999999851e-02	-3.067623502976307464e+02
-1.716399999999999870e-02	-3.103083241175413605e+02
-1.721303999999999890e-02	-3.138835248138802854e+02
-1.726207999999999909e-02	-3.174881001791039239e+02
-1.731111999999999929e-02	-3.211221983266508460e+02
-1.736015999999999948e-02	-3.247859676909415612e+02
-1.740919999999999968e-02	-3.284795570273790872e+02
-1.745823999999999987e-02	-3.322031154123487795e+02
-1.750728000000000006e-02	-3.359567922432179330e+02
-1.755632000000000026e-02	-3.397407372383362372e+02
-1.760536000000000045e-02	-3.435551004370354917e+02
-1.765440000000000065e-02	-3.474000321996296634e+02
-1.770344000000000084e-02	-3.512756832074153408e+02
-1.775247999999999757e-02	-3.551822044626705974e+02
-1.780151999999999776e-02	-3.591197472886568676e+02
-1.785055999999999796e-02	-3.630884633296167294e+02
-1.789959999999999815e-02	-3.670885045507753830e+02
-1.794863999999999835e-02	-3.711200232383403659e+02
-1.799767999999999854e-02	-3.751831719995012691e+02
-1.804671999999999873e-02	-3.792781037624299074e+02
-1.809575999999999893e-02	-3.834049717762806040e+02
-1.814479999999999912e-02	-3.875639296111894510e+02
-1.819383999999999932e-02	-3.917551311582751055e+02
-1.824287999999999951e-02	-3.959787306296382212e+02
-1.829191999999999971e-02	-4.002348825583620737e+02
-1.834095999999999990e-02	-4.045237417985117077e+02
-1.839000000000000010e-02	-4.088454635251346190e+02
-1.839000000000000010e-02	-4.184581398901791545e+02
-1.838274666666666821e-02	-4.169281474907911615e+02
-1.837549333333333285e-02	-4.154008005137293367e+02
-1.836824000000000096e-02	-4.138761028907174477e+02
-1.836098666666666560e-02	-4.123540585443988675e+02
-1.835373333333333370e-02	-4.108346713882056065e+02
-1.834648000000000181e-02	-4.093179453264747281e+02
-1.833922666666666645e-02	-4.078038842543755891e+02
-1.833197333333333456e-02	-4.062924920579243917e+02
-1.832471999999999920e-02	-4.047837726140278392e+02
-1.831746666666666731e-02	-4.032777297904249281e+02
-1.831021333333333195e-02	-4.017743674457306042e+02
-1.830296000000000006e-02	-4.002736894293630030e+02
-1.829570666666666817e-02	-3.987756995816744165e+02
-1.828845333333333281e-02	-3.972804017338057747e+02
-1.828120000000000092e-02	-3.957877997077885084e+02
-1.827394666666666556e-02	-3.942978973165008938e+02
-1.826669333333333367e-02	-3.928106983637117082e+02
-1.825944000000000178e-02	-3.913262066439783666e+02
-1.825218666666666642e-02	-3.898444259427633369e+02
-1.824493333333333453e-02	-3.883653600363759324e+02
-1.823767999999999917e-02	-3.868890126919723116e+02
-1.823042666666666728e-02	-3.854153876675554784e+02
-1.822317333333333192e-02	-3.839444887120334897e+02
-1.821592000000000003e-02	-3.824763195651175920e+02
-1.820866666666666814e-02	-3.810108839573949808e+02
-1.820141333333333278e-02	-3.795481856103142491e+02
-1.819416000000000089e-02	-3.780882282361853868e+02
-1.818690666666666553e-02	-3.766310155381506775e+02
-1.817965333333333364e-02	-3.751765512101992499e+02
-1.817240000000000175e-02	-3.737248389372543897e+02
-1.816514666666666639e-02	-3.722758823949989164e+02
-1.815789333333333450e-02	-3.708296852500207024e+02
-1.815063999999999914e-02	-3.693862511597690172e+02
-1.814338666666666725e-02	-3.679455837725254241e+02
-1.813613333333333189e-02	-3.665076867274474353e+02
-1.812887999999999999e-02	-3.650725636545248562e+02
-1.812162666666666810e-02	-3.636402181746379938e+02
-1.811437333333333274e-02	-3.622106538995139999e+02
-1.810712000000000085e-02	-3.607838744316977682e+02
-1.809986666666666549e-02	-3.593598833646392450e+02
-1.809261333333333360e-02	-3.579386842826206703e+02
-1.808536000000000171e-02	-3.565202807608002331e+02
-1.807810666666666635e-02	-3.551046763651393121e+02
-1.807085333333333446e-02	-3.536918746525188908e+02
-1.806359999999999910e-02	-3.522818791706522461e+02
-1.805634666666666721e-02	-3.508746934581140522e+02
-1.804909333333333185e-02	-3.494703210443258286e+02
-1.804183999999999996e-02	-3.480687654495268362e+02
-1.803458666666666807e-02	-3.466700301849195966e+02
-1.802733333333333271e-02	-3.452741187524516135e+02
-1.802008000000000082e-02	-3.438810346449899953e+02
-1.801282666666666546e-02	-3.424907813462341437e+02
-1.800557333333333357e-02	-3.411033623307448579e+02
-1.799832000000000168e-02	-3.397187810639443342e+02
-1.799106666666666632e-02	-3.383370410021161661e+02
-1.798381333333333443e-02	-3.369581455923762405e+02
-1.797655999999999907e-02	-3.355820982727163937e+02
-1.796930666666666718e-02	-3.342089024719753070e+02
-1.796205333333333182e-02	-3.328385616098530591e+02
-1.795479999999999993e-02	-3.314710790969256777e+02
-1.794754666666666804e-02	-3.301064583345578285e+02
-1.794029333333333268e-02	-3.287447027150701615e+02
-1.793304000000000079e-02	-3.273858156215574127e+02
-1.792578666666666543e-02	-3.260298004279902671e+02
-1.791853333333333353e-02	-3.246766604992299108e+02
-1.791128000000000164e-02	-3.233263991909625474e+02
-1.790402666666666628e-02	-3.219790198497430538e+02
-1.789677333333333439e-02	-3.206345258129513240e+02
-1.788951999999999903e-02	-3.192929204088723054e+02
-1.788226666666666714e-02	-3.179542069566159626e+02
-1.787501333333333178e-02	-3.166183887661609333e+02
-1.786775999999999989e-02	-3.152854691383181489e+02
-1.786050666666666800e-02	-3.139554513647963176e+02
-1.785325333333333264e-02	-3.126283387281437172e+02
-1.784600000000000075e-02	-3.113041345017336425e+02
-1.783874666666666539e-02	-3.099828419498298899e+02
-1.783149333333333350e-02	-3.086644643275649287e+02
-1.782424000000000161e-02	-3.073490048808816937e+02
-1.781698666666666625e-02	-3.060364668466063449e+02
-1.780973333333333436e-02	-3.047268534524264396e+02
-1.780247999999999900e-02	-3.034201679168763803e+02
-1.779522666666666711e-02	-3.021164134493519668e+02
-1.778797333333333175e-02	-3.008155932501031202e+02
-1.778071999999999986e-02	-2.995177105102193309e+02
-1.777346666666666797e-02	-2.982227684116733144e+02
-1.776621333333333261e-02	-2.969307701272773556e+02
-1.775896000000000072e-02	-2.956417188207196887e+02
-1.775170666666666536e-02	-2.943556176465208409e+02
-1.774445333333333347e-02	-2.930724697500554612e+02
-1.773720000000000158e-02	-2.917922782675886992e+02
-1.772994666666666622e-02	-2.905150463261888945e+02
-1.772269333333333433e-02	-2.892407770438585430e+02
-1.771543999999999897e-02	-2.879694735293523991e+02
-1.770818666666666708e-02	-2.867011388823739253e+02
-1.770093333333333172e-02	-2.854357761934370501e+02
-1.769367999999999982e-02	-2.841733885439316509e+02
-1.768642666666666793e-02	-2.829139790060726227e+02
-1.767917333333333257e-02	-2.816575506429653615e+02
-1.767192000000000068e-02	-2.804041065085402806e+02
-1.766466666666666532e-02	-2.791536496476473985e+02
-1.765741333333333343e-02	-2.779061830959035433e+02
-1.765016000000000154e-02	-2.766617098798524239e+02
-1.764290666666666618e-02	-2.754202330168409389e+02
-1.763565333333333429e-02	-2.741817555151283159e+02
-1.762839999999999893e-02	-2.729462803737696959e+02
-1.762114666666666704e-02	-2.717138105827179970e+02
-1.761389333333333168e-02	-2.704843491228020866e+02
-1.760663999999999979e-02	-2.692578989656321937e+02
-1.759938666666666790e-02	-2.680344630737454281e+02
-1.759213333333333254e-02	-2.668140444004966412e+02
-1.758488000000000065e-02	-2.655966458901166334e+02
-1.757762666666666529e-02	-2.643822704776976025e+02
-1.757037333333333340e-02	-2.631709210891276598e+02
-1.756312000000000151e-02	-2.619626006412581773e+02
-1.755586666666666615e-02	-2.607573120417000609e+02
-1.754861333333333426e-02	-2.595550581889619934e+02
-1.754135999999999890e-02	-2.583558419724286068e+02
-1.753410666666666701e-02	-2.571596662722804467e+02
-1.752685333333333512e-02	-2.559665339596176636e+02
-1.751959999999999976e-02	-2.547764478963654255e+02
-1.751234666666666787e-02	-2.535894109352957457e+02
-1.750509333333333251e-02	-2.524054259200565866e+02
-1.749784000000000062e-02	-2.512244956851573079e+02
-1.749058666666666526e-02	-2.500466230559322867e+02
-1.748333333333333336e-02	-2.488718108486136771e+02
-1.747608000000000147e-02	-2.477000618702513748e+02
-1.746882666666666611e-02	-2.465313789187857765e+02
-1.746157333333333422e-02	-2.453657647829822963e+02
-1.745431999999999886e-02	-2.442032222424750216e+02
-1.744706666666666697e-02	-2.430437540677594370e+02
-1.743981333333333161e-02	-2.418873630201924243e+02
-1.743255999999999972e-02	-2.407340518519631587e+02
-1.742530666666666783e-02	-2.395838233061440405e+02
-1.741805333333333247e-02	-2.384366801166397636e+02
-1.741080000000000058e-02	-2.372926250082382467e+02
-1.740354666666666522e-02	-2.361516606965378742e+02
-1.739629333333333333e-02	-2.350137898880639113e+02
-1.738904000000000144e-02	-2.338790152801448130e+02
-1.738178666666666608e-02	-2.327473395609704312e+02
-1.737453333333333419e-02	-2.316187654095920152e+02
-1.736727999999999883e-02	-2.304932954959294875e+02
-1.736002666666666694e-02	-2.293709324807568919e+02
-1.735277333333333505e-02	-2.282516790156660136e+02
-1.734551999999999969e-02	-2.271355377431609668e+02
-1.733826666666666780e-02	-2.260225112965854350e+02
-1.733101333333333244e-02	-2.249126023001081194e+02
-1.732376000000000055e-02	-2.238058133687736699e+02
-1.731650666666666519e-02	-2.227021471085172379e+02
-1.730925333333333330e-02	-2.216016061160626123e+02
-1.730200000000000141e-02	-2.205041929790531867e+02
-1.729474666666666605e-02	-2.194099102759428206e+02
-1.728749333333333416e-02	-2.183187605760758743e+02
-1.728023999999999880e-02	-2.172307464396508294e+02
-1.727298666666666691e-02	-2.161458704176620813e+02
-1.726573333333333155e-02	-2.150641350520381820e+02
-1.725847999999999965e-02	-2.139855428755254252e+02
-1.725122666666666776e-02	-2.129100964117533294e+02
-1.724397333333333240e-02	-2.118377981751473271e+02
-1.723672000000000051e-02	-2.107686506710742833e+02
-1.722946666666666515e-02	-2.097026563956824248e+02
-1.722221333333333326e-02	-2.086398178360177553e+02
-1.721496000000000137e-02	-2.075801374699731241e+02
-1.720770666666666601e-02	-2.065236177662955015e+02
-1.720045333333333412e-02	-2.054702611845932552e+02
-1.719319999999999876e-02	-2.044200701753070462e+02
-1.718594666666666687e-02	-2.033730471797607606e+02
-1.717869333333333498e-02	-2.023291946301396820e+02
-1.717143999999999962e-02	-2.012885149494686630e+02
-1.716418666666666773e-02	-2.002510105516194017e+02
-1.715693333333333237e-02	-1.992166838413395453e+02
-1.714968000000000048e-02	-1.981855372142381384e+02
-1.714242666666666512e-02	-1.971575730567492428e+02
-1.713517333333333323e-02	-1.961327937461974216e+02
-1.712792000000000134e-02	-1.951112016507540829e+02
-1.712066666666666598e-02	-1.940927991294011008e+02
-1.711341333333333409e-02	-1.930775885320690577e+02
-1.710615999999999873e-02	-1.920655721994626219e+02
-1.709890666666666684e-02	-1.910567524631842389e+02
-1.709165333333333495e-02	-1.900511316456613713e+02
-1.708439999999999959e-02	-1.890487120602265350e+02
-1.707714666666666770e-02	-1.880494960110227112e+02
-1.706989333333333234e-02	-1.870534857930688304e+02
-1.706264000000000045e-02	-1.860606836922379443e+02
-1.705538666666666509e-02	-1.850710919852572260e+02
-1.704813333333333319e-02	-1.840847129397079698e+02
-1.704088000000000130e-02	-1.831015488140328671e+02
-1.703362666666666594e-02	-1.821216018575287308e+02
-1.702637333333333405e-02	-1.811448743103537709e+02
-1.701911999999999869e-02	-1.801713684035203187e+02
-1.701186666666666680e-02	-1.792010863588657230e+02
-1.700461333333333491e-02	-1.782340303891469375e+02
-1.699735999999999955e-02	-1.772702026979241055e+02
-1.699010666666666766e-02	-1.763096054796405951e+02
-1.698285333333333230e-02	-1.753522409195793443e+02
-1.697560000000000041e-02	-1.743981111938992399e+02
-1.696834666666666505e-02	-1.734472184695696342e+02
-1.696109333333333316e-02	-1.724995649045013124e+02
-1.695384000000000127e-02	-1.715551526473718695e+02
-1.694658666666666591e-02	-1.706139838377639535e+02
-1.693933333333333402e-02	-1.696760606061143335e+02
-1.693207999999999866e-02	-1.687413850736847962e+02
-1.692482666666666677e-02	-1.678099593526349054e+02
-1.691757333333333488e-02	-1.668817855459637940e+02
-1.691031999999999952e-02	-1.659568657475028886e+02
-1.690306666666666763e-02	-1.650352020419886685e+02
-1.689581333333333227e-02	-1.641167965049608028e+02
-1.688856000000000038e-02	-1.632016512028640136e+02
-1.688130666666666502e-02	-1.622897681929607643e+02
-1.687405333333333313e-02	-1.613811495233821915e+02
-1.686680000000000124e-02	-1.604757972331353812e+02
-1.685954666666666588e-02	-1.595737133520597126e+02
-1.685229333333333399e-02	-1.586748999008486862e+02
-1.684503999999999863e-02	-1.577793588910790277e+02
-1.683778666666666674e-02	-1.568870923251379281e+02
-1.683053333333333484e-02	-1.559981021963394596e+02
-1.682327999999999948e-02	-1.551123904887645040e+02
-1.681602666666666759e-02	-1.542299591774280998e+02
-1.680877333333333223e-02	-1.533508102281630272e+02
-1.680152000000000034e-02	-1.524749455976634636e+02
-1.679426666666666845e-02	-1.516023672334777075e+02
-1.678701333333333309e-02	-1.507330770740154549e+02
-1.677976000000000120e-02	-1.498670770485623507e+02
-1.677250666666666584e-02	-1.490043690771999536e+02
-1.676525333333333395e-02	-1.481449550709512550e+02
-1.675799999999999859e-02	-1.472888369316133321e+02
-1.675074666666666670e-02	-1.464360165519028669e+02
-1.674349333333333481e-02	-1.455864958153397311e+02
-1.673623999999999945e-02	-1.447402765963488491e+02
-1.672898666666666756e-02	-1.438973607601874392e+02
-1.672173333333333220e-02	-1.430577501629522885e+02
-1.671448000000000031e-02	-1.422214466516306857e+02
-1.670722666666666495e-02	-1.413884520640422124e+02
-1.669997333333333306e-02	-1.405587682288896758e+02
-1.669272000000000117e-02	-1.397323969656863483e+02
-1.668546666666666581e-02	-1.389093400848360034e+02
-1.667821333333333392e-02	-1.380895993876038119e+02
-1.667095999999999856e-02	-1.372731766660872381e+02
-1.666370666666666667e-02	-1.364600737032451434e+02
-1.665645333333333478e-02	-1.356502922729123384e+02
-1.664919999999999942e-02	-1.348438341397632030e+02
-1.664194666666666753e-02	-1.340407010593189625e+02
-1.663469333333333217e-02	-1.332408947779767914e+02
-1.662744000000000028e-02	-1.324444170330025372e+02
-1.662018666666666838e-02	-1.316512695524797891e+02
-1.661293333333333302e-02	-1.308614540553462575e+02
-1.660568000000000113e-02	-1.300749722514592577e+02
-1.659842666666666577e-02	-1.292918258414647426e+02
-1.659117333333333388e-02	-1.285120165168846142e+02
-1.658391999999999852e-02	-1.277355459601094481e+02
-1.657666666666666663e-02	-1.269624158443912165e+02
-1.656941333333333474e-02	-1.261926278338141856e+02
-1.656215999999999938e-02	-1.254261835833385703e+02
-1.655490666666666749e-02	-1.246630847387496033e+02
-1.654765333333333213e-02	-1.239033329367375700e+02
-1.654040000000000024e-02	-1.231469298048104974e+02
-1.653314666666666488e-02	-1.223938769613596378e+02
-1.652589333333333299e-02	-1.216441760155939846e+02
-1.651864000000000110e-02	-1.208978285676203086e+02
-1.651138666666666574e-02	-1.201548362083849497e+02
-1.650413333333333385e-02	-1.194152005196810933e+02
-1.649687999999999849e-02	-1.186789230741778738e+02
-1.648962666666666660e-02	-1.179460054353767191e+02
-1.648237333333333471e-02	-1.172164491576550063e+02
-1.647511999999999935e-02	-1.164902557862442336e+02
-1.646786666666666746e-02	-1.157674268572300207e+02
-1.646061333333333210e-02	-1.150479638975230046e+02
-1.645336000000000021e-02	-1.143318684249607031e+02
-1.644610666666666832e-02	-1.136191419481692719e+02
-1.643885333333333296e-02	-1.129097859666435397e+02
-1.643160000000000107e-02	-1.122038019707979402e+02
-1.642434666666666571e-02	-1.115011914417991647e+02
-1.641709333333333382e-02	-1.108019558517553378e+02
-1.640983999999999846e-02	-1.101060966635923251e+02
-1.640258666666666656e-02	-1.094136153311046655e+02
-1.639533333333333467e-02	-1.087245132989046397e+02
-1.638807999999999931e-02	-1.080387920025459607e+02
-1.638082666666666742e-02	-1.073564528683418757e+02
-1.637357333333333206e-02	-1.066774973135325126e+02
-1.636632000000000017e-02	-1.060019267461830168e+02
-1.635906666666666481e-02	-1.053297425652272068e+02
-1.635181333333333292e-02	-1.046609461604239186e+02
-1.634456000000000103e-02	-1.039955389124370413e+02
-1.633730666666666567e-02	-1.033335221927482053e+02
-1.633005333333333378e-02	-1.026748973637077142e+02
-1.632279999999999842e-02	-1.020196657785345451e+02
-1.631554666666666653e-02	-1.013678287812799681e+02
-1.630829333333333464e-02	-1.007193877068784786e+02
-1.630103999999999928e-02	-1.000743438811041415e+02
-1.629378666666666739e-02	-9.943269862057059072e+01
-1.628653333333333203e-02	-9.879445323278923752e+01
-1.627928000000000014e-02	-9.815960901608923450e+01
-1.627202666666666825e-02	-9.752816725969023537e+01
-1.626477333333333289e-02	-9.690012924362963531e+01
-1.625752000000000100e-02	-9.627549623884260654e+01
-1.625026666666666564e-02	-9.565426950708206277e+01
-1.624301333333333375e-02	-9.503645030097686686e+01
-1.623576000000000186e-02	-9.442203986402455484e+01
-1.622850666666666650e-02	-9.381103943053312832e+01
-1.622125333333333461e-02	-9.320345022573019378e+01
-1.621399999999999925e-02	-9.259927346564654727e+01
-1.620674666666666736e-02	-9.199851035719620995e+01
-1.619949333333333200e-02	-9.140116209815460024e+01
-1.619224000000000011e-02	-9.080722987712215399e+01
-1.618498666666666475e-02	-9.021671487358253216e+01
-1.617773333333333285e-02	-8.962961825787351700e+01
-1.617048000000000096e-02	-8.904594119117246009e+01
-1.616322666666666560e-02	-8.846568482553993817e+01
-1.615597333333333371e-02	-8.788885030386154540e+01
-1.614871999999999835e-02	-8.731543875990610104e+01
-1.614146666666666646e-02	-8.674545131828199374e+01
-1.613421333333333457e-02	-8.617888909445173340e+01
-1.612695999999999921e-02	-8.561575319476105506e+01
-1.611970666666666732e-02	-8.505604471637343522e+01
-1.611245333333333196e-02	-8.449976474733557552e+01
-1.610520000000000007e-02	-8.394691436656285077e+01
-1.609794666666666818e-02	-8.339749464374472154e+01
-1.609069333333333282e-02	-8.285150663956301287e+01
-1.608344000000000093e-02	-8.230895140542997979e+01
-1.607618666666666557e-02	-8.176982998367748223e+01
-1.606893333333333368e-02	-8.123414340750605334e+01
-1.606168000000000179e-02	-8.070189270091941580e+01
-1.605442666666666643e-02	-8.017307887880451744e+01
-1.604717333333333454e-02	-7.964770294691697927e+01
-1.603991999999999918e-02	-7.912576590187381953e+01
-1.603266666666666729e-02	-7.860726873110252200e+01
-1.602541333333333193e-02	-7.809221241292834748e+01
-1.601816000000000004e-02	-7.758059791653067805e+01
-1.601090666666666468e-02	-7.707242620190663729e+01
-1.600365333333333279e-02	-7.656769821997295367e+01
-1.599640000000000090e-02	-7.606641491244954523e+01
-1.598914666666666554e-02	-7.556857721194683108e+01
-1.598189333333333365e-02	-7.507418604188569589e+01
-1.597463999999999829e-02	-7.458324231659935322e+01
-1.596738666666666639e-02	-7.409574694123148220e+01
-1.596013333333333450e-02	-7.361170081182353897e+01
-1.595287999999999914e-02	-7.313110481523472117e+01
-1.594562666666666725e-02	-7.265395982920017559e+01
-1.593837333333333189e-02	-7.218026672231644625e+01
-1.593112000000000000e-02	-7.171002635401964653e+01
-1.592386666666666811e-02	-7.124323957460728707e+01
-1.591661333333333275e-02	-7.077990722525282763e+01
-1.590936000000000086e-02	-7.032003013794019353e+01
-1.590210666666666550e-02	-6.986360913556563901e+01
-1.589485333333333361e-02	-6.941064503183588386e+01
-1.588760000000000172e-02	-6.896113863136270083e+01
-1.588034666666666636e-02	-6.851509072954650037e+01
-1.587309333333333447e-02	-6.807250211269274587e+01
-1.586583999999999911e-02	-6.763337355797557393e+01
-1.585858666666666722e-02	-6.719770583337231074e+01
-1.585133333333333186e-02	-6.676549969776533544e+01
-1.584407999999999997e-02	-6.633675590085476870e+01
-1.583682666666666461e-02	-6.591147518323850818e+01
-1.582957333333333272e-02	-6.548965827632491710e+01
-1.582232000000000083e-02	-6.507130590242013568e+01
-1.581506666666666547e-02	-6.465641877466259757e+01
-1.580781333333333358e-02	-6.424499759706668556e+01
-1.580055999999999822e-02	-6.383704306444997201e+01
-1.579330666666666633e-02	-6.343255586255691014e+01
-1.578605333333333444e-02	-6.303153666795697063e+01
-1.577879999999999908e-02	-6.263398614805191755e+01
-1.577154666666666719e-02	-6.223990496114856796e+01
-1.576429333333333183e-02	-6.184929375637875637e+01
-1.575703999999999994e-02	-6.146215317372843856e+01
-1.574978666666666804e-02	-6.107848384405951947e+01
-1.574253333333333268e-02	-6.069828638905892149e+01
-1.573528000000000079e-02	-6.032156142130406806e+01
-1.572802666666666543e-02	-5.994830954421195202e+01
-1.572077333333333354e-02	-5.957853135207551531e+01
-1.571352000000000165e-02	-5.921222742999088950e+01
-1.570626666666666629e-02	-5.884939835395925911e+01
-1.569901333333333440e-02	-5.849004469082865398e+01
-1.569175999999999904e-02	-5.813416699829394929e+01
-1.568450666666666715e-02	-5.778176582491869340e+01
-1.567725333333333179e-02	-5.743284171012055594e+01
-1.566999999999999990e-02	-5.708739518415677594e+01
