0.00000000000000E+000	0.00000000000000E+000
-5.82990160000000E-005	-1.06492620000000E+000
-1.74928890000000E-004	-2.13145090000000E+000
-3.03921620000000E-004	-3.19801270000000E+000
-4.33030920000000E-004	-4.26468450000000E+000
-5.49299240000000E-004	-5.33561000000000E+000
-6.51780500000000E-004	-6.40275410000000E+000
-7.45632800000000E-004	-7.46949930000000E+000
-8.32426510000000E-004	-8.53584270000000E+000
-9.13511050000000E-004	-9.60217540000000E+000
-9.89895850000000E-004	-1.06695310000000E+001
-1.06214500000000E-003	-1.17359970000000E+001
-1.13088070000000E-003	-1.28023790000000E+001
-1.19655080000000E-003	-1.38688400000000E+001
-1.25956710000000E-003	-1.49363070000000E+001
-1.32010410000000E-003	-1.60028900000000E+001
-1.37845700000000E-003	-1.70693080000000E+001
-1.43484410000000E-003	-1.81357940000000E+001
-1.48943930000000E-003	-1.92023170000000E+001
-1.54239330000000E-003	-2.02688550000000E+001
-1.59388720000000E-003	-2.13364040000000E+001
-1.64394130000000E-003	-2.24031120000000E+001
-1.69269110000000E-003	-2.34695610000000E+001
-1.74024050000000E-003	-2.45360650000000E+001
-1.78666840000000E-003	-2.56026130000000E+001
-1.83204500000000E-003	-2.66691730000000E+001
-1.87643470000000E-003	-2.77357390000000E+001
-1.91989560000000E-003	-2.88023120000000E+001
-1.96252450000000E-003	-2.98699650000000E+001
-2.00424440000000E-003	-3.09356880000000E+001
-2.04524510000000E-003	-3.20029640000000E+001
-2.08547750000000E-003	-3.30699040000000E+001
-2.12499420000000E-003	-3.41363880000000E+001
-2.16383940000000E-003	-3.52029150000000E+001
-2.20204440000000E-003	-3.62694930000000E+001
-2.23963660000000E-003	-3.73360830000000E+001
-2.27664280000000E-003	-3.84026720000000E+001
-2.31308800000000E-003	-3.94692630000000E+001
-2.34899560000000E-003	-4.05358590000000E+001
-2.38442790000000E-003	-4.16036450000000E+001
-2.41929410000000E-003	-4.26694040000000E+001
-2.45373690000000E-003	-4.37366720000000E+001
-2.48771200000000E-003	-4.48037370000000E+001
-2.52123120000000E-003	-4.58703590000000E+001
-2.55432080000000E-003	-4.69368560000000E+001
-2.58700100000000E-003	-4.80034000000000E+001
-2.61928580000000E-003	-4.90699920000000E+001
-2.65118730000000E-003	-5.01365950000000E+001
-2.68271770000000E-003	-5.12031950000000E+001
-2.71388890000000E-003	-5.22697940000000E+001
-2.74471230000000E-003	-5.33363960000000E+001
-2.77519870000000E-003	-5.44030010000000E+001
-2.80535830000000E-003	-5.54696080000000E+001
-2.83520070000000E-003	-5.65362180000000E+001
-2.86477410000000E-003	-5.76041960000000E+001
-2.89398580000000E-003	-5.86700240000000E+001
-2.92294910000000E-003	-5.97372860000000E+001
-2.95158730000000E-003	-6.08030790000000E+001
-2.97999440000000E-003	-6.18704160000000E+001
-3.00809290000000E-003	-6.29363130000000E+001
-3.03597080000000E-003	-6.40036460000000E+001
-3.06359210000000E-003	-6.50709470000000E+001
-3.09095200000000E-003	-6.61377330000000E+001
-3.11806310000000E-003	-6.72042250000000E+001
-3.14493860000000E-003	-6.82707040000000E+001
-3.17158630000000E-003	-6.93372670000000E+001
-3.19801100000000E-003	-7.04038870000000E+001
-3.22421670000000E-003	-7.14705150000000E+001
-3.25020810000000E-003	-7.25371320000000E+001
-3.27598990000000E-003	-7.36037410000000E+001
-3.30156720000000E-003	-7.46703500000000E+001
-3.32694450000000E-003	-7.57369620000000E+001
-3.35212610000000E-003	-7.68035770000000E+001
-3.37711630000000E-003	-7.78701950000000E+001
-3.40191900000000E-003	-7.89368130000000E+001
-3.42653820000000E-003	-8.00034330000000E+001
-3.45097770000000E-003	-8.10700530000000E+001
-3.47524100000000E-003	-8.21366750000000E+001
-3.49936870000000E-003	-8.32048890000000E+001
-3.52327540000000E-003	-8.42709210000000E+001
-3.54704760000000E-003	-8.53382460000000E+001
-3.57061850000000E-003	-8.64039290000000E+001
-3.59406720000000E-003	-8.74711960000000E+001
-3.61732680000000E-003	-8.85370740000000E+001
-3.64046760000000E-003	-8.96044590000000E+001
-3.66342370000000E-003	-9.06703700000000E+001
-3.68626450000000E-003	-9.17377160000000E+001
-3.70892710000000E-003	-9.28036180000000E+001
-3.73147890000000E-003	-9.38709360000000E+001
-3.75389580000000E-003	-9.49385630000000E+001
-3.77612510000000E-003	-9.60038820000000E+001
-3.79825210000000E-003	-9.70706780000000E+001
-3.82025820000000E-003	-9.81381090000000E+001
-3.84212910000000E-003	-9.92053650000000E+001
-3.86382460000000E-003	-1.00270390000000E+002
-3.88546540000000E-003	-1.01338790000000E+002
-3.90691500000000E-003	-1.02404100000000E+002
-3.92826850000000E-003	-1.03470580000000E+002
-3.94951430000000E-003	-1.04537730000000E+002
-3.97064100000000E-003	-1.05604900000000E+002
-3.99164460000000E-003	-1.06671760000000E+002
-4.01252770000000E-003	-1.07738340000000E+002
-4.03329560000000E-003	-1.08804820000000E+002
-4.05395250000000E-003	-1.09871330000000E+002
-4.07450100000000E-003	-1.10937910000000E+002
-4.09494230000000E-003	-1.12004550000000E+002
-4.11527710000000E-003	-1.13071210000000E+002
-4.13550650000000E-003	-1.14137860000000E+002
-4.15563200000000E-003	-1.15204480000000E+002
-4.17565520000000E-003	-1.16271100000000E+002
-4.19557770000000E-003	-1.17337720000000E+002
-4.21540100000000E-003	-1.18404340000000E+002
-4.23512650000000E-003	-1.19470970000000E+002
-4.25475550000000E-003	-1.20537600000000E+002
-4.27428920000000E-003	-1.21604230000000E+002
-4.29372900000000E-003	-1.22670860000000E+002
-4.31307620000000E-003	-1.23737490000000E+002
-4.33236880000000E-003	-1.24806110000000E+002
-4.35153040000000E-003	-1.25872600000000E+002
-4.37058670000000E-003	-1.26938130000000E+002
-4.38959280000000E-003	-1.28005690000000E+002
-4.40848570000000E-003	-1.29071870000000E+002
-4.42728600000000E-003	-1.30137610000000E+002
-4.44603920000000E-003	-1.31205410000000E+002
-4.46468210000000E-003	-1.32271800000000E+002
-4.48327040000000E-003	-1.33339690000000E+002
-4.50174020000000E-003	-1.34405560000000E+002
-4.52015690000000E-003	-1.35472900000000E+002
-4.53846350000000E-003	-1.36538550000000E+002
-4.55672080000000E-003	-1.37605810000000E+002
-4.57487430000000E-003	-1.38671630000000E+002
-4.59298000000000E-003	-1.39739040000000E+002
-4.61098290000000E-003	-1.40804950000000E+002
-4.62893820000000E-003	-1.41872380000000E+002
-4.64679190000000E-003	-1.42938270000000E+002
-4.66459900000000E-003	-1.44005640000000E+002
-4.68230720000000E-003	-1.45071510000000E+002
-4.69997000000000E-003	-1.46138860000000E+002
-4.71753660000000E-003	-1.47204760000000E+002
-4.73505900000000E-003	-1.48272110000000E+002
-4.75248710000000E-003	-1.49338020000000E+002
-4.76987190000000E-003	-1.50405380000000E+002
-4.78720150000000E-003	-1.51473530000000E+002
-4.80441900000000E-003	-1.52538980000000E+002
-4.82159170000000E-003	-1.53605630000000E+002
-4.83871280000000E-003	-1.54673160000000E+002
-4.85573270000000E-003	-1.55738490000000E+002
-4.87271180000000E-003	-1.56805170000000E+002
-4.88964270000000E-003	-1.57872820000000E+002
-4.90647600000000E-003	-1.58938360000000E+002
-4.92326910000000E-003	-1.60005160000000E+002
-4.94001420000000E-003	-1.61072850000000E+002
-4.95666300000000E-003	-1.62138350000000E+002
-4.97327250000000E-003	-1.63205080000000E+002
-4.98983580000000E-003	-1.64272700000000E+002
-5.00634380000000E-003	-1.65340560000000E+002
-5.02274730000000E-003	-1.66405520000000E+002
-5.03911300000000E-003	-1.67471650000000E+002
-5.05543710000000E-003	-1.68538820000000E+002
-5.07171220000000E-003	-1.69606500000000E+002
-5.08789270000000E-003	-1.70671730000000E+002
-5.10403730000000E-003	-1.71738140000000E+002
-5.12014080000000E-003	-1.72805490000000E+002
-5.13619540000000E-003	-1.73873240000000E+002
-5.15219410000000E-003	-1.74940870000000E+002
-5.16809270000000E-003	-1.76005460000000E+002
-5.18395770000000E-003	-1.77071220000000E+002
-5.19978750000000E-003	-1.78138140000000E+002
-5.21557510000000E-003	-1.79205750000000E+002
-5.23131300000000E-003	-1.80273490000000E+002
-5.24699540000000E-003	-1.81340950000000E+002
-5.26258150000000E-003	-1.82405360000000E+002
-5.27813660000000E-003	-1.83470940000000E+002
-5.29365980000000E-003	-1.84537760000000E+002
-5.30914480000000E-003	-1.85605340000000E+002
-5.32458360000000E-003	-1.86673120000000E+002
-5.33997020000000E-003	-1.87740650000000E+002
-5.35530200000000E-003	-1.88807710000000E+002
-5.37057960000000E-003	-1.89874300000000E+002
-5.38580590000000E-003	-1.90940600000000E+002
-5.40098430000000E-003	-1.92006800000000E+002
-5.41611770000000E-003	-1.93073080000000E+002
-5.43120760000000E-003	-1.94139530000000E+002
-5.44625460000000E-003	-1.95206160000000E+002
-5.46125810000000E-003	-1.96272910000000E+002
-5.47621750000000E-003	-1.97339700000000E+002
-5.49113210000000E-003	-1.98406460000000E+002
-5.50600190000000E-003	-1.99473170000000E+002
-5.52082720000000E-003	-2.00539810000000E+002
-5.53560850000000E-003	-2.01606400000000E+002
-5.55034670000000E-003	-2.02672970000000E+002
-5.56504250000000E-003	-2.03739560000000E+002
-5.57969640000000E-003	-2.04806160000000E+002
-5.59430870000000E-003	-2.05872790000000E+002
-5.60887980000000E-003	-2.06939440000000E+002
-5.62340980000000E-003	-2.08006090000000E+002
-5.63789890000000E-003	-2.09072750000000E+002
-5.65234730000000E-003	-2.10139400000000E+002
-5.66675540000000E-003	-2.11206040000000E+002
-5.68112340000000E-003	-2.12272670000000E+002
-5.69545180000000E-003	-2.13339300000000E+002
-5.70974090000000E-003	-2.14405930000000E+002
-5.72399110000000E-003	-2.15472560000000E+002
-5.73820260000000E-003	-2.16539190000000E+002
-5.75237570000000E-003	-2.17605830000000E+002
-5.76651080000000E-003	-2.18672470000000E+002
-5.78060800000000E-003	-2.19739120000000E+002
-5.79466770000000E-003	-2.20805760000000E+002
-5.80869000000000E-003	-2.21872400000000E+002
-5.82267540000000E-003	-2.22939030000000E+002
-5.83662410000000E-003	-2.24005670000000E+002
-5.85053640000000E-003	-2.25072310000000E+002
-5.86441240000000E-003	-2.26138950000000E+002
-5.87825260000000E-003	-2.27205590000000E+002
-5.89205720000000E-003	-2.28272230000000E+002
-5.90582630000000E-003	-2.29338870000000E+002
-5.91956030000000E-003	-2.30405510000000E+002
-5.93325950000000E-003	-2.31472150000000E+002
-5.94692400000000E-003	-2.32538800000000E+002
-5.96055410000000E-003	-2.33605440000000E+002
-5.97415010000000E-003	-2.34672080000000E+002
-5.98771210000000E-003	-2.35738720000000E+002
-6.00124050000000E-003	-2.36805360000000E+002
-6.01473550000000E-003	-2.37872010000000E+002
-6.02819730000000E-003	-2.38938650000000E+002
-6.04162610000000E-003	-2.40005290000000E+002
-6.05502210000000E-003	-2.41071930000000E+002
-6.06838570000000E-003	-2.42138580000000E+002
-6.08171690000000E-003	-2.43205220000000E+002
-6.09501610000000E-003	-2.44271860000000E+002
-6.10828340000000E-003	-2.45338510000000E+002
-6.12151900000000E-003	-2.46405150000000E+002
-6.13472330000000E-003	-2.47471800000000E+002
-6.14789630000000E-003	-2.48538440000000E+002
-6.16103820000000E-003	-2.49605090000000E+002
-6.17414940000000E-003	-2.50671730000000E+002
-6.18723000000000E-003	-2.51738380000000E+002
-6.20028010000000E-003	-2.52805020000000E+002
-6.21330000000000E-003	-2.53871670000000E+002
-6.22629000000000E-003	-2.54938310000000E+002
-6.23925010000000E-003	-2.56004960000000E+002
-6.25218060000000E-003	-2.57071600000000E+002
-6.26508160000000E-003	-2.58138250000000E+002
-6.27795340000000E-003	-2.59204900000000E+002
-6.29079610000000E-003	-2.60271540000000E+002
-6.30361000000000E-003	-2.61338190000000E+002
-6.31639510000000E-003	-2.62404840000000E+002
-6.32915180000000E-003	-2.63471480000000E+002
-6.34188010000000E-003	-2.64538130000000E+002
-6.35458020000000E-003	-2.65604780000000E+002
-6.36725240000000E-003	-2.66671430000000E+002
-6.37989670000000E-003	-2.67738070000000E+002
-6.39251340000000E-003	-2.68804720000000E+002
-6.40510270000000E-003	-2.69871370000000E+002
-6.41766460000000E-003	-2.70938020000000E+002
-6.43019940000000E-003	-2.72004670000000E+002
-6.44270720000000E-003	-2.73071310000000E+002
-6.45518830000000E-003	-2.74137960000000E+002
-6.46764260000000E-003	-2.75204610000000E+002
-6.48007050000000E-003	-2.76271260000000E+002
-6.49247210000000E-003	-2.77337910000000E+002
-6.50484750000000E-003	-2.78404560000000E+002
-6.51719690000000E-003	-2.79471210000000E+002
-6.52952040000000E-003	-2.80537860000000E+002
-6.54181820000000E-003	-2.81604510000000E+002
-6.55409040000000E-003	-2.82671150000000E+002
-6.56633720000000E-003	-2.83737800000000E+002
-6.57855880000000E-003	-2.84804450000000E+002
-6.59075530000000E-003	-2.85871100000000E+002
-6.60292670000000E-003	-2.86937750000000E+002
-6.61507340000000E-003	-2.88004400000000E+002
-6.62719540000000E-003	-2.89071060000000E+002
-6.63929280000000E-003	-2.90137710000000E+002
-6.65136580000000E-003	-2.91204360000000E+002
-6.66341460000000E-003	-2.92271010000000E+002
-6.67543920000000E-003	-2.93337660000000E+002
-6.68743980000000E-003	-2.94404310000000E+002
-6.69941660000000E-003	-2.95470960000000E+002
-6.71136970000000E-003	-2.96537610000000E+002
-6.72329910000000E-003	-2.97604260000000E+002
-6.73520510000000E-003	-2.98670910000000E+002
-6.74708780000000E-003	-2.99737560000000E+002
-6.75894720000000E-003	-3.00804220000000E+002
-6.77078360000000E-003	-3.01870870000000E+002
-6.78259710000000E-003	-3.02937520000000E+002
-6.79438770000000E-003	-3.04004170000000E+002
-6.80615560000000E-003	-3.05070820000000E+002
-6.81790090000000E-003	-3.06137480000000E+002
-6.82962380000000E-003	-3.07204130000000E+002
-6.84132430000000E-003	-3.08270780000000E+002
-6.85300260000000E-003	-3.09337430000000E+002
-6.86465890000000E-003	-3.10404090000000E+002
-6.87629310000000E-003	-3.11470740000000E+002
-6.88790550000000E-003	-3.12537390000000E+002
-6.89949610000000E-003	-3.13604040000000E+002
-6.91106510000000E-003	-3.14670700000000E+002
-6.92261260000000E-003	-3.15737350000000E+002
-6.93413870000000E-003	-3.16804000000000E+002
-6.94564340000000E-003	-3.17870660000000E+002
-6.95712700000000E-003	-3.18937310000000E+002
-6.96858950000000E-003	-3.20003960000000E+002
-6.98003110000000E-003	-3.21070620000000E+002
-6.99145180000000E-003	-3.22137270000000E+002
-7.00285170000000E-003	-3.23203920000000E+002
-7.01423100000000E-003	-3.24270580000000E+002
-7.02558970000000E-003	-3.25337230000000E+002
-7.03692810000000E-003	-3.26403880000000E+002
-7.04824600000000E-003	-3.27470540000000E+002
-7.05954380000000E-003	-3.28537190000000E+002
-7.07082140000000E-003	-3.29603850000000E+002
-7.08207900000000E-003	-3.30670500000000E+002
-7.09331670000000E-003	-3.31737150000000E+002
-7.10453450000000E-003	-3.32803810000000E+002
-7.11573260000000E-003	-3.33870460000000E+002
-7.12691110000000E-003	-3.34937120000000E+002
-7.13807000000000E-003	-3.36003770000000E+002
-7.14920950000000E-003	-3.37070430000000E+002
-7.16032970000000E-003	-3.38137080000000E+002
-7.17143060000000E-003	-3.39203740000000E+002
-7.18251230000000E-003	-3.40270390000000E+002
-7.19357500000000E-003	-3.41337050000000E+002
-7.20461870000000E-003	-3.42403700000000E+002
-7.21564350000000E-003	-3.43470360000000E+002
-7.22664960000000E-003	-3.44537010000000E+002
-7.23763690000000E-003	-3.45603670000000E+002
-7.24860560000000E-003	-3.46670320000000E+002
-7.25955580000000E-003	-3.47736980000000E+002
-7.27048760000000E-003	-3.48803630000000E+002
-7.28140100000000E-003	-3.49870290000000E+002
-7.29229620000000E-003	-3.50936940000000E+002
-7.30317320000000E-003	-3.52003600000000E+002
-7.31403210000000E-003	-3.53070260000000E+002
-7.32487300000000E-003	-3.54136910000000E+002
-7.33569600000000E-003	-3.55203570000000E+002
-7.34650120000000E-003	-3.56270220000000E+002
-7.35728860000000E-003	-3.57336880000000E+002
-7.36805830000000E-003	-3.58403540000000E+002
-7.37881040000000E-003	-3.59470190000000E+002
-7.38954500000000E-003	-3.60536850000000E+002
-7.40026220000000E-003	-3.61603500000000E+002
-7.41096210000000E-003	-3.62670160000000E+002
-7.42164470000000E-003	-3.63736820000000E+002
-7.43231000000000E-003	-3.64803470000000E+002
-7.44295830000000E-003	-3.65870130000000E+002
-7.45358950000000E-003	-3.66936790000000E+002
-7.46420380000000E-003	-3.68003440000000E+002
-7.47480120000000E-003	-3.69070100000000E+002
-7.48538180000000E-003	-3.70136760000000E+002
-7.49594560000000E-003	-3.71203410000000E+002
-7.50649280000000E-003	-3.72270070000000E+002
-7.51702340000000E-003	-3.73336730000000E+002
-7.52753750000000E-003	-3.74403380000000E+002
-7.53803520000000E-003	-3.75470040000000E+002
-7.54851640000000E-003	-3.76536700000000E+002
-7.55898140000000E-003	-3.77603360000000E+002
-7.56943020000000E-003	-3.78670010000000E+002
-7.57986280000000E-003	-3.79736670000000E+002
-7.59027930000000E-003	-3.80803330000000E+002
-7.60067980000000E-003	-3.81869980000000E+002
-7.61106440000000E-003	-3.82936640000000E+002
-7.62143310000000E-003	-3.84003300000000E+002
-7.63178600000000E-003	-3.85069960000000E+002
-7.64212320000000E-003	-3.86136610000000E+002
-7.65244460000000E-003	-3.87203270000000E+002
-7.66275050000000E-003	-3.88269930000000E+002
-7.67304080000000E-003	-3.89336590000000E+002
-7.68331570000000E-003	-3.90403250000000E+002
-7.69357520000000E-003	-3.91469900000000E+002
-7.70381930000000E-003	-3.92536560000000E+002
-7.71404810000000E-003	-3.93603220000000E+002
-7.72426170000000E-003	-3.94669880000000E+002
-7.73446020000000E-003	-3.95736530000000E+002
-7.74464360000000E-003	-3.96803190000000E+002
-7.75481200000000E-003	-3.97869850000000E+002
-7.76496540000000E-003	-3.98936510000000E+002
-7.77510390000000E-003	-4.00003170000000E+002
-7.77212690000000E-003	-3.99064170000000E+002
-7.76915800000000E-003	-3.98128340000000E+002
-7.76618690000000E-003	-3.97192510000000E+002
-7.76321380000000E-003	-3.96256680000000E+002
-7.76023860000000E-003	-3.95320860000000E+002
-7.75726120000000E-003	-3.94385030000000E+002
-7.75428180000000E-003	-3.93449200000000E+002
-7.75130020000000E-003	-3.92513370000000E+002
-7.74831660000000E-003	-3.91577540000000E+002
-7.74533080000000E-003	-3.90641710000000E+002
-7.74234290000000E-003	-3.89705880000000E+002
-7.73935290000000E-003	-3.88770050000000E+002
-7.73636070000000E-003	-3.87834230000000E+002
-7.73336640000000E-003	-3.86898400000000E+002
-7.73037000000000E-003	-3.85962570000000E+002
-7.72737140000000E-003	-3.85026740000000E+002
-7.72437070000000E-003	-3.84090910000000E+002
-7.72136780000000E-003	-3.83155080000000E+002
-7.71836280000000E-003	-3.82219250000000E+002
-7.71535560000000E-003	-3.81283420000000E+002
-7.71234630000000E-003	-3.80347590000000E+002
-7.70933480000000E-003	-3.79411770000000E+002
-7.70632110000000E-003	-3.78475940000000E+002
-7.70330520000000E-003	-3.77540110000000E+002
-7.70028710000000E-003	-3.76604280000000E+002
-7.69726690000000E-003	-3.75668450000000E+002
-7.69424450000000E-003	-3.74732620000000E+002
-7.69121990000000E-003	-3.73796790000000E+002
-7.68819300000000E-003	-3.72860960000000E+002
-7.68516400000000E-003	-3.71925130000000E+002
-7.68213280000000E-003	-3.70989310000000E+002
-7.67909930000000E-003	-3.70053480000000E+002
-7.67606360000000E-003	-3.69117650000000E+002
-7.67302570000000E-003	-3.68181820000000E+002
-7.66998560000000E-003	-3.67245990000000E+002
-7.66694330000000E-003	-3.66310160000000E+002
-7.66389870000000E-003	-3.65374330000000E+002
-7.66085180000000E-003	-3.64438500000000E+002
-7.65780280000000E-003	-3.63502670000000E+002
-7.65475140000000E-003	-3.62566850000000E+002
-7.65169780000000E-003	-3.61631020000000E+002
-7.64864200000000E-003	-3.60695190000000E+002
-7.64558390000000E-003	-3.59759360000000E+002
-7.64252350000000E-003	-3.58823530000000E+002
-7.63946090000000E-003	-3.57887700000000E+002
-7.63639590000000E-003	-3.56951870000000E+002
-7.63332870000000E-003	-3.56016040000000E+002
-7.63025920000000E-003	-3.55080210000000E+002
-7.62718740000000E-003	-3.54144390000000E+002
-7.62411330000000E-003	-3.53208560000000E+002
-7.62103690000000E-003	-3.52272730000000E+002
-7.61795820000000E-003	-3.51336900000000E+002
-7.61487720000000E-003	-3.50401070000000E+002
-7.61179380000000E-003	-3.49465240000000E+002
-7.60870820000000E-003	-3.48529410000000E+002
-7.60562020000000E-003	-3.47593580000000E+002
-7.60252990000000E-003	-3.46657750000000E+002
-7.59943720000000E-003	-3.45721930000000E+002
-7.59634220000000E-003	-3.44786100000000E+002
-7.59324480000000E-003	-3.43850270000000E+002
-7.59014510000000E-003	-3.42914440000000E+002
-7.58704310000000E-003	-3.41978610000000E+002
-7.58393860000000E-003	-3.41042780000000E+002
-7.58083190000000E-003	-3.40106950000000E+002
-7.57772270000000E-003	-3.39171120000000E+002
-7.57461110000000E-003	-3.38235290000000E+002
-7.57149720000000E-003	-3.37299470000000E+002
-7.56838090000000E-003	-3.36363640000000E+002
-7.56526220000000E-003	-3.35427810000000E+002
-7.56214110000000E-003	-3.34491980000000E+002
-7.55901760000000E-003	-3.33556150000000E+002
-7.55589160000000E-003	-3.32620320000000E+002
-7.55276330000000E-003	-3.31684490000000E+002
-7.54963250000000E-003	-3.30748660000000E+002
-7.54649940000000E-003	-3.29812830000000E+002
-7.54336380000000E-003	-3.28877010000000E+002
-7.54022570000000E-003	-3.27941180000000E+002
-7.53708520000000E-003	-3.27005350000000E+002
-7.53394230000000E-003	-3.26069520000000E+002
-7.53079690000000E-003	-3.25133690000000E+002
-7.52764900000000E-003	-3.24197860000000E+002
-7.52449870000000E-003	-3.23262030000000E+002
-7.52134600000000E-003	-3.22326200000000E+002
-7.51819070000000E-003	-3.21390370000000E+002
-7.51503300000000E-003	-3.20454550000000E+002
-7.51187280000000E-003	-3.19518720000000E+002
-7.50871010000000E-003	-3.18582890000000E+002
-7.50554490000000E-003	-3.17647060000000E+002
-7.50237720000000E-003	-3.16711230000000E+002
-7.49920700000000E-003	-3.15775400000000E+002
-7.49603420000000E-003	-3.14839570000000E+002
-7.49285900000000E-003	-3.13903740000000E+002
-7.48968120000000E-003	-3.12967920000000E+002
-7.48650090000000E-003	-3.12032090000000E+002
-7.48331810000000E-003	-3.11096260000000E+002
-7.48013280000000E-003	-3.10160430000000E+002
-7.47694480000000E-003	-3.09224600000000E+002
-7.47375440000000E-003	-3.08288770000000E+002
-7.47056130000000E-003	-3.07352940000000E+002
-7.46736580000000E-003	-3.06417110000000E+002
-7.46416760000000E-003	-3.05481280000000E+002
-7.46096690000000E-003	-3.04545460000000E+002
-7.45776360000000E-003	-3.03609630000000E+002
-7.45455770000000E-003	-3.02673800000000E+002
-7.45134920000000E-003	-3.01737970000000E+002
-7.44813810000000E-003	-3.00802140000000E+002
-7.44492440000000E-003	-2.99866310000000E+002
-7.44170810000000E-003	-2.98930480000000E+002
-7.43848910000000E-003	-2.97994650000000E+002
-7.43526760000000E-003	-2.97058820000000E+002
-7.43204340000000E-003	-2.96123000000000E+002
-7.42881660000000E-003	-2.95187170000000E+002
-7.42558710000000E-003	-2.94251340000000E+002
-7.42235500000000E-003	-2.93315510000000E+002
-7.41912030000000E-003	-2.92379680000000E+002
-7.41588290000000E-003	-2.91443850000000E+002
-7.41264280000000E-003	-2.90508020000000E+002
-7.40940000000000E-003	-2.89572190000000E+002
-7.40615460000000E-003	-2.88636360000000E+002
-7.40290650000000E-003	-2.87700540000000E+002
-7.39965570000000E-003	-2.86764710000000E+002
-7.39640220000000E-003	-2.85828880000000E+002
-7.39314600000000E-003	-2.84893050000000E+002
-7.38988710000000E-003	-2.83957220000000E+002
-7.38662540000000E-003	-2.83021390000000E+002
-7.38336110000000E-003	-2.82085560000000E+002
-7.38009400000000E-003	-2.81149730000000E+002
-7.37682420000000E-003	-2.80213900000000E+002
-7.37355160000000E-003	-2.79278080000000E+002
-7.37027630000000E-003	-2.78342250000000E+002
-7.36699820000000E-003	-2.77406420000000E+002
-7.36371740000000E-003	-2.76470590000000E+002
-7.36043380000000E-003	-2.75534760000000E+002
-7.35714740000000E-003	-2.74598930000000E+002
-7.35385830000000E-003	-2.73663100000000E+002
-7.35056640000000E-003	-2.72727270000000E+002
-7.34727160000000E-003	-2.71791440000000E+002
-7.34397410000000E-003	-2.70855620000000E+002
-7.34067380000000E-003	-2.69919790000000E+002
-7.33737060000000E-003	-2.68983960000000E+002
-7.33406460000000E-003	-2.68048130000000E+002
-7.33075580000000E-003	-2.67112300000000E+002
-7.32744420000000E-003	-2.66176470000000E+002
-7.32412970000000E-003	-2.65240640000000E+002
-7.32081240000000E-003	-2.64304810000000E+002
-7.31749220000000E-003	-2.63368980000000E+002
-7.31416910000000E-003	-2.62433160000000E+002
-7.31084320000000E-003	-2.61497330000000E+002
-7.30751440000000E-003	-2.60561500000000E+002
-7.30418280000000E-003	-2.59625670000000E+002
-7.30084820000000E-003	-2.58689840000000E+002
-7.29751070000000E-003	-2.57754010000000E+002
-7.29417030000000E-003	-2.56818180000000E+002
-7.29082710000000E-003	-2.55882350000000E+002
-7.28748090000000E-003	-2.54946520000000E+002
-7.28413170000000E-003	-2.54010700000000E+002
-7.28077970000000E-003	-2.53074870000000E+002
-7.27742470000000E-003	-2.52139040000000E+002
-7.27406670000000E-003	-2.51203210000000E+002
-7.27070580000000E-003	-2.50267380000000E+002
-7.26734190000000E-003	-2.49331550000000E+002
-7.26397510000000E-003	-2.48395720000000E+002
-7.26060530000000E-003	-2.47459890000000E+002
-7.25723250000000E-003	-2.46524060000000E+002
-7.25385670000000E-003	-2.45588240000000E+002
-7.25047790000000E-003	-2.44652410000000E+002
-7.24709610000000E-003	-2.43716580000000E+002
-7.24371120000000E-003	-2.42780750000000E+002
-7.24032340000000E-003	-2.41844920000000E+002
-7.23693250000000E-003	-2.40909090000000E+002
-7.23353860000000E-003	-2.39973260000000E+002
-7.23014160000000E-003	-2.39037430000000E+002
-7.22674160000000E-003	-2.38101610000000E+002
-7.22333860000000E-003	-2.37165780000000E+002
-7.21993240000000E-003	-2.36229950000000E+002
-7.21652320000000E-003	-2.35294120000000E+002
-7.21311090000000E-003	-2.34358290000000E+002
-7.20969550000000E-003	-2.33422460000000E+002
-7.20627700000000E-003	-2.32486630000000E+002
-7.20285540000000E-003	-2.31550800000000E+002
-7.19943070000000E-003	-2.30614970000000E+002
-7.19600280000000E-003	-2.29679150000000E+002
-7.19257180000000E-003	-2.28743320000000E+002
-7.18913770000000E-003	-2.27807490000000E+002
-7.18570050000000E-003	-2.26871660000000E+002
-7.18226000000000E-003	-2.25935830000000E+002
-7.17881640000000E-003	-2.25000000000000E+002
-7.17536970000000E-003	-2.24064170000000E+002
-7.17191970000000E-003	-2.23128340000000E+002
-7.16846660000000E-003	-2.22192510000000E+002
-7.16501030000000E-003	-2.21256690000000E+002
-7.16155070000000E-003	-2.20320860000000E+002
-7.15808800000000E-003	-2.19385030000000E+002
-7.15462200000000E-003	-2.18449200000000E+002
-7.15115280000000E-003	-2.17513370000000E+002
-7.14768030000000E-003	-2.16577540000000E+002
-7.14420460000000E-003	-2.15641710000000E+002
-7.14072570000000E-003	-2.14705880000000E+002
-7.13724340000000E-003	-2.13770050000000E+002
-7.13375790000000E-003	-2.12834230000000E+002
-7.13026910000000E-003	-2.11898400000000E+002
-7.12677710000000E-003	-2.10962570000000E+002
-7.12328170000000E-003	-2.10026740000000E+002
-7.11978300000000E-003	-2.09090910000000E+002
-7.11628100000000E-003	-2.08155080000000E+002
-7.11277570000000E-003	-2.07219250000000E+002
-7.10926700000000E-003	-2.06283420000000E+002
-7.10575500000000E-003	-2.05347590000000E+002
-7.10223960000000E-003	-2.04411770000000E+002
-7.09872090000000E-003	-2.03475940000000E+002
-7.09519870000000E-003	-2.02540110000000E+002
-7.09167330000000E-003	-2.01604280000000E+002
-7.08814440000000E-003	-2.00668450000000E+002
-7.08461210000000E-003	-1.99732620000000E+002
-7.08107640000000E-003	-1.98796790000000E+002
-7.07753730000000E-003	-1.97860960000000E+002
-7.07399470000000E-003	-1.96925130000000E+002
-7.07044880000000E-003	-1.95989310000000E+002
-7.06689930000000E-003	-1.95053480000000E+002
-7.06334650000000E-003	-1.94117650000000E+002
-7.05979010000000E-003	-1.93181820000000E+002
-7.05623030000000E-003	-1.92245990000000E+002
-7.05266700000000E-003	-1.91310160000000E+002
-7.04910020000000E-003	-1.90374330000000E+002
-7.04552990000000E-003	-1.89438500000000E+002
-7.04195600000000E-003	-1.88502670000000E+002
-7.03837870000000E-003	-1.87566850000000E+002
-7.03479780000000E-003	-1.86631020000000E+002
-7.03121340000000E-003	-1.85695190000000E+002
-7.02762540000000E-003	-1.84759360000000E+002
-7.02403390000000E-003	-1.83823530000000E+002
-7.02043870000000E-003	-1.82887700000000E+002
-7.01684000000000E-003	-1.81951870000000E+002
-7.01323780000000E-003	-1.81016040000000E+002
-7.00963190000000E-003	-1.80080210000000E+002
-7.00602230000000E-003	-1.79144390000000E+002
-7.00240920000000E-003	-1.78208560000000E+002
-6.99879240000000E-003	-1.77272730000000E+002
-6.99517200000000E-003	-1.76336900000000E+002
-6.99154790000000E-003	-1.75401070000000E+002
-6.98792020000000E-003	-1.74465240000000E+002
-6.98428880000000E-003	-1.73529410000000E+002
-6.98065370000000E-003	-1.72593580000000E+002
-6.97701490000000E-003	-1.71657750000000E+002
-6.97337240000000E-003	-1.70721930000000E+002
-6.96972620000000E-003	-1.69786100000000E+002
-6.96607620000000E-003	-1.68850270000000E+002
-6.96242250000000E-003	-1.67914440000000E+002
-6.95876510000000E-003	-1.66978610000000E+002
-6.95510390000000E-003	-1.66042780000000E+002
-6.95143890000000E-003	-1.65106950000000E+002
-6.94777010000000E-003	-1.64171120000000E+002
-6.94409760000000E-003	-1.63235300000000E+002
-6.94042120000000E-003	-1.62299470000000E+002
-6.93674100000000E-003	-1.61363640000000E+002
-6.93305700000000E-003	-1.60427810000000E+002
-6.92936910000000E-003	-1.59491980000000E+002
-6.92567740000000E-003	-1.58556150000000E+002
-6.92198190000000E-003	-1.57620320000000E+002
-6.91828240000000E-003	-1.56684490000000E+002
-6.91457910000000E-003	-1.55748660000000E+002
-6.91087190000000E-003	-1.54812840000000E+002
-6.90716080000000E-003	-1.53877010000000E+002
-6.90344570000000E-003	-1.52941180000000E+002
-6.89972670000000E-003	-1.52005350000000E+002
-6.89600380000000E-003	-1.51069520000000E+002
-6.89227690000000E-003	-1.50133690000000E+002
-6.88854610000000E-003	-1.49197860000000E+002
-6.88481120000000E-003	-1.48262030000000E+002
-6.88107240000000E-003	-1.47326200000000E+002
-6.87732960000000E-003	-1.46390380000000E+002
-6.87358280000000E-003	-1.45454550000000E+002
-6.86983190000000E-003	-1.44518720000000E+002
-6.86607700000000E-003	-1.43582890000000E+002
-6.86231800000000E-003	-1.42647060000000E+002
-6.85855500000000E-003	-1.41711230000000E+002
-6.85478790000000E-003	-1.40775400000000E+002
-6.85101670000000E-003	-1.39839570000000E+002
-6.84724140000000E-003	-1.38903740000000E+002
-6.84346200000000E-003	-1.37967920000000E+002
-6.83967850000000E-003	-1.37032090000000E+002
-6.83589080000000E-003	-1.36096260000000E+002
-6.83209900000000E-003	-1.35160430000000E+002
-6.82830300000000E-003	-1.34224600000000E+002
-6.82450290000000E-003	-1.33288770000000E+002
-6.82069850000000E-003	-1.32352940000000E+002
-6.81688990000000E-003	-1.31417110000000E+002
-6.81307720000000E-003	-1.30481280000000E+002
-6.80926020000000E-003	-1.29545460000000E+002
-6.80543890000000E-003	-1.28609630000000E+002
-6.80161340000000E-003	-1.27673800000000E+002
-6.79778360000000E-003	-1.26737970000000E+002
-6.79394950000000E-003	-1.25802140000000E+002
-6.79011120000000E-003	-1.24866310000000E+002
-6.78626850000000E-003	-1.23930480000000E+002
-6.78242150000000E-003	-1.22994650000000E+002
-6.77857010000000E-003	-1.22058820000000E+002
-6.77471440000000E-003	-1.21123000000000E+002
-6.77085440000000E-003	-1.20187170000000E+002
-6.76698990000000E-003	-1.19251340000000E+002
-6.76312110000000E-003	-1.18315510000000E+002
-6.75924780000000E-003	-1.17379680000000E+002
-6.75537020000000E-003	-1.16443850000000E+002
-6.75148810000000E-003	-1.15508020000000E+002
-6.74760150000000E-003	-1.14572190000000E+002
-6.74371050000000E-003	-1.13636360000000E+002
-6.73981500000000E-003	-1.12700540000000E+002
-6.73591500000000E-003	-1.11764710000000E+002
-6.73200970000000E-003	-1.10828880000000E+002
-6.72809250000000E-003	-1.09893060000000E+002
-6.72415680000000E-003	-1.08957240000000E+002
-6.72020260000000E-003	-1.08021410000000E+002
-6.71622940000000E-003	-1.07085580000000E+002
-6.71223720000000E-003	-1.06149750000000E+002
-6.70822560000000E-003	-1.05213930000000E+002
-6.70419440000000E-003	-1.04278100000000E+002
-6.70014320000000E-003	-1.03342270000000E+002
-6.69607190000000E-003	-1.02406440000000E+002
-6.69198000000000E-003	-1.01470610000000E+002
-6.68786740000000E-003	-1.00534780000000E+002
-6.68373380000000E-003	-9.95989550000000E+001
-6.67957870000000E-003	-9.86631260000000E+001
-6.67540200000000E-003	-9.77272980000000E+001
-6.67120320000000E-003	-9.67914700000000E+001
-6.66698210000000E-003	-9.58556410000000E+001
-6.66273830000000E-003	-9.49198130000000E+001
-6.65847150000000E-003	-9.39839850000000E+001
-6.65418130000000E-003	-9.30481560000000E+001
-6.64986730000000E-003	-9.21123280000000E+001
-6.64552920000000E-003	-9.11765000000000E+001
-6.64116660000000E-003	-9.02406710000000E+001
-6.63677910000000E-003	-8.93048430000000E+001
-6.63236620000000E-003	-8.83690150000000E+001
-6.62792770000000E-003	-8.74331870000000E+001
-6.62346290000000E-003	-8.64973580000000E+001
-6.61897160000000E-003	-8.55615300000000E+001
-6.61445320000000E-003	-8.46257020000000E+001
-6.60990730000000E-003	-8.36898740000000E+001
-6.60533340000000E-003	-8.27540460000000E+001
-6.60073100000000E-003	-8.18182180000000E+001
-6.59609960000000E-003	-8.08823900000000E+001
-6.59143880000000E-003	-7.99465620000000E+001
-6.58674780000000E-003	-7.90107340000000E+001
-6.58202630000000E-003	-7.80749060000000E+001
-6.57727350000000E-003	-7.71390780000000E+001
-6.57248910000000E-003	-7.62032500000000E+001
-6.56767220000000E-003	-7.52674220000000E+001
-6.56282240000000E-003	-7.43315940000000E+001
-6.55793890000000E-003	-7.33957670000000E+001
-6.55302110000000E-003	-7.24599390000000E+001
-6.54806830000000E-003	-7.15241110000000E+001
-6.54307980000000E-003	-7.05882840000000E+001
-6.53805490000000E-003	-6.96524560000000E+001
-6.53299270000000E-003	-6.87166280000000E+001
-6.52789260000000E-003	-6.77808010000000E+001
-6.52275370000000E-003	-6.68449740000000E+001
-6.51757510000000E-003	-6.59091460000000E+001
-6.51235600000000E-003	-6.49733190000000E+001
-6.50709540000000E-003	-6.40374920000000E+001
-6.50179250000000E-003	-6.31016640000000E+001
-6.49644620000000E-003	-6.21658370000000E+001
-6.49105550000000E-003	-6.12300100000000E+001
-6.48561940000000E-003	-6.02941830000000E+001
-6.48013680000000E-003	-5.93583570000000E+001
-6.47460650000000E-003	-5.84225300000000E+001
-6.46902740000000E-003	-5.74867030000000E+001
-6.46339820000000E-003	-5.65508770000000E+001
-6.45771760000000E-003	-5.56150500000000E+001
-6.45198430000000E-003	-5.46792240000000E+001
-6.44619690000000E-003	-5.37433980000000E+001
-6.44035380000000E-003	-5.28075720000000E+001
-6.43445360000000E-003	-5.18717460000000E+001
-6.42849470000000E-003	-5.09359210000000E+001
-6.42247540000000E-003	-5.00000950000000E+001
